4.5 4.1 1 1.5
5.6 4.6 1 2
6.1 5.9 1.5 2
7.3 6.4 1.5 2.5
8.4 6.9 1.5 3
9.5 7.3 1.5 3.5
7.8 7.7 2 2.5
8.9 8.2 2 3
10.1 8.7 2 3.5
11.2 9.2 2 4
12.3 9.6 2 4.5
9.4 9.5 2.5 3
10.6 10 2.5 3.5
11.7 10.5 2.5 4
12.8 11 2.5 4.5
14 11.4 2.5 5
15.1 11.9 2.5 5.5
16.2 12.3 2.5 6
11 11.3 3 3.5
12.2 11.8 3 4
13.4 12.3 3 4.5
14.5 12.8 3 5
15.6 13.3 3 5.5
16.7 13.7 3 6
17.8 14.2 3 6.5
18.9 14.6 3 7
12.7 13 3.5 4
13.8 13.6 3.5 4.5
15 14.1 3.5 5
16.2 14.6 3.5 5.5
17.3 15.1 3.5 6
18.4 15.5 3.5 6.5
19.5 16 3.5 7
20.6 16.5 3.5 7.5
21.7 16.9 3.5 8
22.8 17.3 3.5 8.5
15.5 15.3 4 5
16.6 15.9 4 5.5
17.8 16.4 4 6
18.9 16.9 4 6.5
20.1 17.3 4 7
21.2 17.8 4 7.5
22.3 18.3 4 8
23.4 18.7 4 8.5
24.5 19.2 4 9
25.6 19.6 4 9.5
17.1 17.1 4.5 5.5
18.3 17.6 4.5 6
19.4 18.2 4.5 6.5
20.6 18.7 4.5 7
21.7 19.1 4.5 7.5
22.9 19.6 4.5 8
24 20.1 4.5 8.5
25.1 20.6 4.5 9
26.2 21 4.5 9.5
27.3 21.5 4.5 10
18.8 18.9 5 6
19.9 19.4 5 6.5
21.1 19.9 5 7
22.2 20.4 5 7.5
23.4 20.9 5 8
24.5 21.4 5 8.5
25.6 21.9 5 9
26.8 22.4 5 9.5
27.9 22.8 5 10
20.4 20.7 5.5 6.5
21.6 21.2 5.5 7
22.7 21.7 5.5 7.5
23.9 22.2 5.5 8
25 22.7 5.5 8.5
26.2 23.2 5.5 9
27.3 23.7 5.5 9.5
28.4 24.2 5.5 10
22 22.5 6 7
23.2 23 6 7.5
24.4 23.5 6 8
25.5 24 6 8.5
26.7 24.5 6 9
27.8 25 6 9.5
29 25.5 6 10
23.7 24.2 6.5 7.5
24.8 24.8 6.5 8
26 25.3 6.5 8.5
27.2 25.8 6.5 9
28.3 26.3 6.5 9.5
29.5 26.8 6.5 10
25.3 26 7 8
26.5 26.5 7 8.5
27.6 27.1 7 9
28.8 27.6 7 9.5
30 28.1 7 10
28.1 28.3 7.5 9
29.3 28.9 7.5 9.5
30.4 29.4 7.5 10
29.7 30.1 8 9.5
30.9 30.6 8 10
31.4 31.9 8.5 10

3.8 1.9 1 1
5.7 3.9 1 2
7.3 5.9 1 3
8.8 7.9 1 4
10.3 9.9 1 5
11.9 11.9 1 6
13.9 13.9 1 7
15.8 15.9 1 8
17.9 17.9 1 9
19.9 19.9 1 10
7.8 3.9 2 2
9.7 5.9 2 3
11.5 7.9 2 4
13.2 9.9 2 5
14.8 11.9 2 6
16.3 13.9 2 7
17.8 15.9 2 8
19.3 17.9 2 9
20.8 19.9 2 10
11.8 5.9 3 3
13.8 7.9 3 4
15.6 9.9 3 5
17.3 11.9 3 6
19 13.9 3 7
20.6 15.9 3 8
22.2 17.9 3 9
23.8 19.9 3 10
15.8 7.9 4 4
17.8 9.9 4 5
19.6 11.9 4 6
21.4 13.9 4 7
23.2 15.9 4 8
24.8 17.9 4 9
26.5 19.9 4 10
19.8 9.9 5 5
21.8 11.9 5 6
23.7 13.9 5 7
25.5 15.9 5 8
27.3 17.9 5 9
29 19.9 5 10
23.8 11.9 6 6
25.8 13.9 6 7
27.7 15.9 6 8
29.5 17.9 6 9
31.3 19.9 6 10
27.8 13.9 7 7
29.8 15.9 7 8
31.7 17.9 7 9
33.6 19.9 7 10
31.8 15.9 8 8
33.8 17.9 8 9
35.7 19.9 8 10
35.8 17.9 9 9
37.8 19.9 9 10
39.8 19.9 10 10