2.7 2.8 1 1
3.9 3.4 1 1.5
5 4.1 1 2
6.1 5.1 1 2.5
7.2 6.1 1 3
8.2 7.1 1 3.5
9.3 8.1 1 4
10.3 9.1 1 4.5
11.3 10.1 1 5
12.4 11.1 1 5.5
13.4 12.1 1 6
14.4 13.1 1 6.5
15.4 14.1 1 7
16.4 15.1 1 7.5
17.4 16.1 1 8
18.4 17.1 1 8.5
19.4 18.1 1 9
20.4 19.1 1 9.5
21.4 20.1 1 10
4 4.2 1.5 1.5
5.2 4.8 1.5 2
6.3 5.3 1.5 2.5
7.4 6.1 1.5 3
8.5 7.1 1.5 3.5
9.6 8.1 1.5 4
10.7 9.1 1.5 4.5
11.8 10.1 1.5 5
12.8 11.1 1.5 5.5
13.9 12.1 1.5 6
14.9 13.1 1.5 6.5
16 14.1 1.5 7
17 15.1 1.5 7.5
18 16.1 1.5 8
19 17.1 1.5 8.5
20.1 18.1 1.5 9
21.1 19.1 1.5 9.5
22.1 20.1 1.5 10
5.3 5.6 2 2
6.5 6.1 2 2.5
7.7 6.7 2 3
8.8 7.1 2 3.5
9.9 8.1 2 4
11 9.1 2 4.5
12.1 10.1 2 5
13.2 11.1 2 5.5
14.3 12.1 2 6
15.3 13.1 2 6.5
16.4 14.1 2 7
17.4 15.1 2 7.5
18.5 16.1 2 8
19.5 17.1 2 8.5
20.6 18.1 2 9
21.6 19.1 2 9.5
22.6 20.1 2 10
6.6 7 2.5 2.5
7.8 7.5 2.5 3
9 8.1 2.5 3.5
10.1 8.6 2.5 4
11.3 9.1 2.5 4.5
12.4 10.1 2.5 5
13.5 11.1 2.5 5.5
14.6 12.1 2.5 6
15.7 13.1 2.5 6.5
16.7 14.1 2.5 7
17.8 15.1 2.5 7.5
18.9 16.1 2.5 8
19.9 17.1 2.5 8.5
21 18.1 2.5 9
22.1 19.1 2.5 9.5
23.1 20.1 2.5 10
7.9 8.4 3 3
9.1 8.9 3 3.5
10.3 9.5 3 4
11.5 10 3 4.5
12.6 10.5 3 5
13.7 11.1 3 5.5
14.8 12.1 3 6
16 13.1 3 6.5
17 14.1 3 7
18.1 15.1 3 7.5
19.2 16.1 3 8
20.3 17.1 3 8.5
21.4 18.1 3 9
22.4 19.1 3 9.5
23.5 20.1 3 10
9.3 9.8 3.5 3.5
10.5 10.3 3.5 4
11.6 10.9 3.5 4.5
12.8 11.4 3.5 5
13.9 11.9 3.5 5.5
15.1 12.4 3.5 6
16.2 13.1 3.5 6.5
17.3 14.1 3.5 7
18.4 15.1 3.5 7.5
19.5 16.1 3.5 8
20.6 17.1 3.5 8.5
21.7 18.1 3.5 9
22.8 19.1 3.5 9.5
23.9 20.1 3.5 10
10.6 11.1 4 4
11.8 11.7 4 4.5
13 12.2 4 5
14.1 12.8 4 5.5
15.3 13.3 4 6
16.4 13.8 4 6.5
17.5 14.2 4 7
18.7 15.1 4 7.5
19.8 16.1 4 8
20.9 17.1 4 8.5
22 18.1 4 9
23.1 19.1 4 9.5
24.2 20.1 4 10
11.9 12.5 4.5 4.5
13.1 13.1 4.5 5
14.3 13.6 4.5 5.5
15.4 14.2 4.5 6
16.6 14.7 4.5 6.5
17.7 15.2 4.5 7
18.9 15.7 4.5 7.5
20 16.1 4.5 8
21.1 17.1 4.5 8.5
22.2 18.1 4.5 9
23.3 19.1 4.5 9.5
24.5 20.1 4.5 10
13.2 13.9 5 5
14.4 14.5 5 5.5
15.6 15 5 6
16.8 15.6 5 6.5
17.9 16.1 5 7
19.1 16.6 5 7.5
20.2 17.1 5 8
21.3 17.6 5 8.5
22.5 18.1 5 9
23.6 19.1 5 9.5
24.7 20.1 5 10
14.5 15.3 5.5 5.5
15.7 15.9 5.5 6
16.9 16.4 5.5 6.5
18.1 16.9 5.5 7
19.2 17.5 5.5 7.5
20.4 18 5.5 8
21.5 18.5 5.5 8.5
22.7 19 5.5 9
23.8 19.5 5.5 9.5
24.9 20.1 5.5 10
15.8 16.7 6 6
17 17.3 6 6.5
18.2 17.8 6 7
19.4 18.3 6 7.5
20.6 18.9 6 8
21.7 19.4 6 8.5
22.9 19.9 6 9
24 20.4 6 9.5
25.2 20.9 6 10
17.2 18.1 6.5 6.5
18.4 18.6 6.5 7
19.5 19.2 6.5 7.5
20.7 19.7 6.5 8
21.9 20.3 6.5 8.5
23.1 20.8 6.5 9
24.2 21.3 6.5 9.5
25.4 21.8 6.5 10
18.5 19.5 7 7
19.7 20 7 7.5
20.9 20.6 7 8
22 21.1 7 8.5
23.2 21.7 7 9
24.4 22.2 7 9.5
25.5 22.7 7 10
19.8 20.9 7.5 7.5
21 21.4 7.5 8
22.2 22 7.5 8.5
23.4 22.5 7.5 9
24.5 23 7.5 9.5
25.7 23.6 7.5 10
21.1 22.2 8 8
22.3 22.8 8 8.5
23.5 23.4 8 9
24.7 23.9 8 9.5
25.9 24.4 8 10
22.4 23.6 8.5 8.5
23.6 24.2 8.5 9
24.8 24.8 8.5 9.5
26 25.3 8.5 10
23.7 25 9 9
24.9 25.6 9 9.5
26.1 26.1 9 10
25.1 26.4 9.5 9.5
26.3 27 9.5 10
26.4 27.8 10 10
