5.2 4.8 1.5 2
6.3 5.3 1.5 2.5
6.5 6.1 2 2.5
7.7 6.7 2 3
7.8 7.5 2.5 3
9 8.1 2.5 3.5
10.1 8.6 2.5 4
9.1 8.9 3 3.5
10.3 9.5 3 4
11.5 10 3 4.5
12.6 10.5 3 5
10.5 10.3 3.5 4
11.6 10.9 3.5 4.5
12.8 11.4 3.5 5
13.9 11.9 3.5 5.5
15.1 12.4 3.5 6
11.8 11.7 4 4.5
13 12.2 4 5
14.1 12.8 4 5.5
15.3 13.3 4 6
16.4 13.8 4 6.5
17.5 14.2 4 7
13.1 13.1 4.5 5
14.3 13.6 4.5 5.5
15.4 14.2 4.5 6
16.6 14.7 4.5 6.5
17.7 15.2 4.5 7
18.9 15.7 4.5 7.5
14.4 14.5 5 5.5
15.6 15 5 6
16.8 15.6 5 6.5
17.9 16.1 5 7
19.1 16.6 5 7.5
20.2 17.1 5 8
21.3 17.6 5 8.5
15.7 15.9 5.5 6
16.9 16.4 5.5 6.5
18.1 16.9 5.5 7
19.2 17.5 5.5 7.5
20.4 18 5.5 8
21.5 18.5 5.5 8.5
22.7 19 5.5 9
23.8 19.5 5.5 9.5
17 17.3 6 6.5
18.2 17.8 6 7
19.4 18.3 6 7.5
20.6 18.9 6 8
21.7 19.4 6 8.5
22.9 19.9 6 9
24 20.4 6 9.5
25.2 20.9 6 10
18.4 18.6 6.5 7
19.5 19.2 6.5 7.5
20.7 19.7 6.5 8
21.9 20.3 6.5 8.5
23.1 20.8 6.5 9
24.2 21.3 6.5 9.5
25.4 21.8 6.5 10
19.7 20 7 7.5
20.9 20.6 7 8
22 21.1 7 8.5
23.2 21.7 7 9
24.4 22.2 7 9.5
25.5 22.7 7 10
21 21.4 7.5 8
22.2 22 7.5 8.5
23.4 22.5 7.5 9
24.5 23 7.5 9.5
25.7 23.6 7.5 10
23.5 23.4 8 9
24.7 23.9 8 9.5
25.9 24.4 8 10
24.8 24.8 8.5 9.5
26 25.3 8.5 10
26.1 26.1 9 10

2.9 1.9 1 1
4.7 3.9 1 2
6.3 5.9 1 3
7.9 7.9 1 4
9.9 9.9 1 5
11.9 11.9 1 6
13.9 13.9 1 7
15.9 15.9 1 8
17.9 17.9 1 9
19.9 19.9 1 10
5.9 3.9 2 2
7.7 5.9 2 3
9.5 7.9 2 4
11.2 9.9 2 5
12.8 11.9 2 6
14.3 13.9 2 7
15.9 15.9 2 8
17.9 17.9 2 9
19.9 19.9 2 10
8.9 5.9 3 3
10.8 7.9 3 4
12.6 9.9 3 5
14.3 11.9 3 6
16 13.9 3 7
17.6 15.9 3 8
19.2 17.9 3 9
20.8 19.9 3 10
11.9 7.9 4 4
13.8 9.9 4 5
15.6 11.9 4 6
17.4 13.9 4 7
19.2 15.9 4 8
20.9 17.9 4 9
22.5 19.9 4 10
14.9 9.9 5 5
16.8 11.9 5 6
18.7 13.9 5 7
20.5 15.9 5 8
22.3 17.9 5 9
24 19.9 5 10
17.9 11.9 6 6
19.8 13.9 6 7
21.7 15.9 6 8
23.5 17.9 6 9
25.3 19.9 6 10
20.9 13.9 7 7
22.8 15.9 7 8
24.7 17.9 7 9
26.6 19.9 7 10
23.9 15.9 8 8
25.8 17.9 8 9
27.7 19.9 8 10
26.9 17.9 9 9
28.8 19.9 9 10
29.9 19.9 10 10
