3
6 3 1
2
1 9
3
6 3 2
4
1 1 8 1
3
8 1 3
5
1 2 6 1 2
4
5 5 2 1
1
13
3
9 2 3
3
6 7 1
3
4 6 5
3
10 4 1
2
14 1
2
7 9
2
15 1
4
6 1 7 2
2
16 1
1
17
2
10 7
4
1 9 6 2
2
14 4
2
16 2
3
11 7 1
6
9 2 1 3 3 1
2
16 3
3
1 17 2
5
9 5 1 3 2
4
3 6 3 8
3
7 10 3
4
2 15 2 2
5
5 4 5 5 2
4
1 16 2 2
3
18 1 2
3
11 9 2
3
3 17 2
2
18 4
3
8 13 1
3
20 2 1
6
3 5 4 1 9 1
2
22 1
4
15 1 5 2
4
1 5 17 1
4
13 2 6 3
5
3 10 4 4 3
5
7 9 3 4 1
5
10 7 5 1 2
3
21 3 1
3
22 2 1
2
22 3
4
9 13 2 1
4
11 2 12 1
3
4 19 3
3
19 6 1
1
26
5
5 10 5 4 2
3
14 12 1
2
16 11
4
16 5 4 2
2
25 2
2
26 1
3
25 2 1
4
21 2 4 1
2
25 3
6
12 8 2 3 2 1
3
18 9 1
2
27 2
5
10 10 2 4 3
3
17 10 2
2
27 2
5
4 17 3 3 2
3
22 7 1
7
14 1 3 1 4 2 5
5
2 17 5 5 1
4
5 22 2 1
1
30
4
11 9 6 4
2
29 2
5
1 9 11 8 2
2
18 13
5
13 1 12 3 2
2
27 4
7
15 1 9 1 1 1 3
4
14 14 3 1
6
2 1 24 2 1 2
2
27 5
5
4 4 21 2 1
2
3 29
4
21 8 1 2
2
25 8
1
33
6
3 13 8 5 3 1
4
4 24 4 1
3
8 15 10
5
9 12 2 8 2
2
33 1
4
27 4 2 1
4
22 9 2 1
9
21 1 1 3 1 3 1 2 1
3
13 18 3
6
7 4 18 1 3 1
7
4 3 4 2 2 14 6
4
18 8 7 2
3
20 4 11
3
30 4 1
2
34 1
5
9 1 6 16 3
5
2 20 3 8 2
3
32 2 2
4
25 5 2 4
2
35 1
5
8 5 18 4 1
4
3 13 19 1
3
32 2 2
4
6 21 8 1
7
7 11 1 8 4 4 2
4
10 24 1 2
5
4 18 8 6 1
5
5 19 3 6 4
4
23 2 10 2
3
25 10 2
3
26 4 7
4
2 33 2 1
7
16 10 5 3 1 2 1
6
7 6 20 2 2 1
3
26 11 1
4
23 8 3 4
5
13 14 7 2 2
4
7 19 9 3
3
22 15 2
7
3 28 1 2 2 1 2
4
21 14 3 1
4
11 14 9 5
2
35 4
4
27 5 5 2
3
19 19 1
7
2 22 8 1 2 2 3
2
39 1
3
16 22 2
3
36 1 3
4
5 7 26 2
3
27 12 1
5
19 11 7 2 1
7
13 3 9 4 6 2 3
4
22 12 3 4
5
13 20 3 4 1
6
18 5 12 3 2 1
4
3 14 22 2
3
37 2 2
8
8 11 4 2 8 2 3 3
7
26 3 6 2 1 2 1
3
26 14 1
4
5 30 1 6
3
21 20 1
4
26 3 12 1
3
37 1 4
4
33 1 2 6
5
9 17 6 8 2
6
5 6 16 11 3 1
4
36 2 2 2
3
16 14 13
4
33 7 2 1
4
22 14 5 2
2
41 2
5
9 25 4 2 3
4
37 2 2 2
2
33 10
5
6 14 17 4 2
1
44
4
15 18 10 1
4
2 24 7 11
6
21 9 1 9 2 2
4
25 8 5 6
4
39 2 1 2
4
20 7 1 16
5
28 2 6 6 2
2
44 1
3
14 26 5
7
2 3 27 2 6 4 1
1
45
6
30 2 5 5 2 1
3
2 42 1
4
39 2 2 2
5
37 4 1 2 1
5
4 18 19 2 2
5
1 37 5 1 2
5
5 23 12 4 2
3
41 4 1
5
24 14 1 5 2
3
41 2 3
2
45 1
6
15 7 15 6 1 2
3
34 11 1
3
22 23 1
5
23 17 4 2 1
5
28 5 4 5 5
7
19 11 3 9 2 2 1
4
22 16 8 1
5
39 3 2 1 2
2
35 12
5
33 8 3 2 1
4
16 27 2 2
3
26 16 5
2
40 8
6
4 26 7 8 2 1
4
32 8 5 3
2
29 19
4
19 24 1 4
3
31 15 2
5
27 11 6 3 1
4
14 22 11 1
3
44 3 1
2
9 40
5
15 7 20 6 1
8
21 11 3 7 3 1 2 1
7
1 17 16 5 3 2 5
3
46 1 2
5
30 14 2 1 2
5
17 23 6 2 1
4
28 16 2 3
4
7 31 7 4
3
47 2 1
2
49 1
3
32 14 4
4
8 25 15 2
4
28 1 19 2
5
7 12 25 4 2
3
40 2 8
2
46 4
3
21 13 16
4
40 5 1 4
1
1
1
2
1
3
1
4
1
5
1
6
1
7
1
8
1
9
1
10
1
11
1
12
1
13
1
14
1
15
1
16
1
17
1
18
1
19
1
20
1
21
1
22
1
23
1
24
1
25
1
26
1
27
1
28
1
29
1
30
1
31
1
32
1
33
1
34
1
35
1
36
1
37
1
38
1
39
1
40
1
41
1
42
1
43
1
44
1
45
1
46
1
47
1
48
1
49
1
50

