100
13 13 12 10 12 15 15 13 10 15 14 13 10 15 11 12 13 13 11 13 14 11 15 11 10 12 11 10 11 12 11 14 14 13 12 14 10 14 11 15 10 13 14 11 12 11 11 15 11 10 14 11 12 15 10 11 12 15 13 13 11 15 13 14 15 13 13 12 11 14 15 15 12 10 14 13 10 10 14 12 15 14 12 14 14 15 11 15 12 14 14 10 15 10 14 12 12 10 13 10
150
14 12 13 15 10 15 11 13 11 12 15 11 12 12 12 15 15 14 11 14 10 13 10 12 15 14 10 10 14 11 14 15 13 15 10 14 13 15 10 14 15 11 10 12 12 11 13 12 11 13 10 12 15 13 11 14 13 12 11 12 12 13 10 10 12 10 12 10 11 13 14 12 11 15 12 11 15 14 10 14 15 14 11 10 15 10 15 10 12 13 12 14 10 12 11 15 14 12 11 10 10 14 12 15 13 11 14 15 14 12 11 13 11 10 15 15 12 11 10 14 14 10 12 12 14 15 13 14 11 12 12 15 15 14 12 15 15 11 14 14 10 12 14 11 13 10 10 11 11 13
200
14 14 15 10 12 11 12 10 14 13 12 10 14 15 12 12 14 10 10 14 13 13 11 15 12 10 14 11 13 14 14 11 15 10 10 12 14 15 15 15 12 10 15 11 13 14 11 12 13 14 12 15 13 15 13 14 10 15 14 10 15 15 12 12 11 11 13 13 12 15 10 15 11 12 14 13 14 13 15 11 10 10 11 15 11 12 13 14 11 12 15 10 12 15 12 11 11 14 10 12 10 14 13 15 13 14 10 10 12 15 15 13 10 12 13 13 12 10 15 15 15 14 14 12 15 10 11 13 12 13 12 15 12 12 14 13 14 14 11 13 15 12 15 13 13 15 13 14 10 13 15 14 12 10 12 12 15 11 13 14 13 11 11 15 14 11 15 13 15 11 13 15 13 13 13 12 11 14 14 11 14 13 11 10 14 12 14 15 10 14 14 15 10 10 12 11 14 14 13 14
250
13 13 13 12 13 14 11 12 12 15 12 12 13 15 12 14 11 10 13 12 10 15 14 11 12 12 13 14 12 12 12 14 15 14 15 14 12 11 12 11 10 10 11 10 13 14 11 13 11 14 12 12 14 14 13 13 13 13 14 11 12 11 10 12 15 10 15 10 15 10 14 10 11 13 11 15 10 12 10 12 14 12 12 14 15 15 13 12 15 11 10 12 15 14 14 14 13 10 14 12 15 15 13 13 11 10 11 13 15 14 15 14 10 11 12 11 10 14 14 15 14 11 13 10 12 13 12 12 10 10 12 11 10 10 12 11 12 14 10 13 14 12 14 15 15 12 13 12 11 13 15 11 13 15 14 11 12 12 11 11 13 13 12 13 14 14 11 15 10 13 14 14 13 14 14 14 10 11 13 10 11 11 15 15 10 10 11 14 13 11 14 14 12 15 14 10 14 11 11 10 10 15 11 12 10 12 13 14 14 13 14 12 15 14 10 10 15 15 10 15 15 14 10 13 12 11 12 14 13 12 12 15 11 10 13 11 12 10 15 12 10 12 10 14 11 15 14 12 11 10
300
12 11 13 15 11 10 12 15 11 15 13 12 10 11 10 12 13 10 13 14 15 11 14 12 12 13 10 13 12 14 15 13 13 13 14 14 11 12 14 15 13 10 15 15 14 13 15 15 11 11 10 15 14 10 12 13 10 10 10 10 12 15 13 12 15 10 15 10 10 15 11 12 13 14 12 11 10 14 12 15 13 13 10 13 12 12 15 13 10 10 10 10 10 10 14 15 13 15 12 13 11 12 10 13 15 14 14 12 13 10 14 14 12 12 12 13 15 12 14 14 12 12 13 15 13 10 15 11 11 12 13 15 15 12 15 14 13 10 14 12 13 12 12 14 15 10 10 12 10 11 12 11 10 11 11 13 13 15 12 11 13 10 10 12 11 10 11 14 14 15 13 14 14 15 11 11 14 13 12 12 15 15 11 10 13 14 14 13 14 10 15 15 10 15 11 12 11 15 13 13 12 12 15 14 11 10 15 14 11 13 12 15 14 15 13 10 10 13 13 13 13 15 13 14 12 13 10 11 12 10 11 11 13 14 14 13 12 12 12 11 11 15 12 13 13 12 12 12 12 11 13 13 10 15 11 12 10 11 10 15 14 10 13 14 13 14 13 15 13 14 14 10 12 12 12 10 11 15 10 12 15 11 13 11 12 14 10 11 14 14 14 13 11 11 12 14 15 12 14 11
350
13 11 11 11 14 14 11 11 15 13 15 12 11 12 12 13 11 11 15 13 12 11 13 14 12 10 15 15 10 13 13 11 14 11 13 10 13 10 12 10 13 15 13 15 11 11 10 11 15 15 12 12 15 15 11 10 11 14 15 15 10 11 14 14 12 13 11 14 12 12 14 15 15 14 12 14 15 15 13 11 11 13 15 15 15 12 13 12 12 14 12 14 11 11 12 10 12 11 14 12 15 14 11 10 11 14 14 15 15 15 14 11 13 12 11 14 11 12 10 10 13 15 10 10 14 15 11 12 11 15 13 10 12 14 15 13 12 14 12 15 14 12 14 13 12 10 11 10 15 15 12 10 11 12 11 14 13 14 14 12 13 14 14 11 11 12 13 12 14 11 11 12 10 12 12 12 10 10 15 14 13 12 11 14 13 14 14 14 12 11 12 15 10 13 10 11 10 11 14 13 15 10 10 14 14 14 10 10 15 14 14 10 10 15 10 12 15 15 15 12 10 14 13 13 10 10 13 12 10 11 15 14 10 10 15 15 10 14 14 11 12 13 15 14 10 10 10 11 11 12 14 12 13 13 14 12 11 11 14 12 12 14 11 11 10 10 14 13 14 10 14 11 13 15 12 12 11 15 11 13 13 11 10 12 13 15 14 14 13 11 14 11 11 12 10 15 13 11 14 10 11 11 12 12 10 14 12 10 10 15 12 11 12 10 15 13 11 14 11 13 14 10 11 13 11 14 14 14 13 14 10 10 13 14 10 14 11 12 10 15 11 12 14 14 13 10 12 14 14 13
400
14 15 15 15 10 11 14 15 14 15 13 14 11 14 10 13 12 13 13 14 10 14 10 13 14 12 10 10 14 15 14 13 10 14 15 10 15 13 15 14 15 11 13 13 15 14 13 11 14 12 11 14 11 15 10 14 14 13 11 13 13 15 15 11 13 13 15 11 15 10 10 14 11 10 15 12 12 15 10 14 12 11 11 14 12 13 14 10 10 13 12 10 10 12 15 12 10 12 15 12 15 11 11 11 11 10 13 10 10 12 11 15 13 10 11 13 11 14 12 12 13 12 10 11 12 12 10 11 10 13 12 13 11 12 15 15 14 10 10 14 15 11 11 14 14 13 12 11 14 14 14 11 14 11 15 12 10 15 11 11 13 12 10 15 12 13 10 13 12 12 15 15 11 10 15 14 12 10 10 11 10 13 10 14 10 13 11 13 14 13 13 11 11 13 15 13 11 15 13 11 11 15 12 10 12 13 15 12 13 11 13 14 10 11 14 10 11 10 15 13 14 14 14 11 13 10 10 10 12 11 10 12 10 15 11 14 14 14 11 11 15 12 12 13 11 13 14 14 12 13 11 13 11 12 10 12 12 15 15 12 10 13 11 15 12 11 12 11 11 10 11 14 11 15 11 15 15 13 10 10 10 12 10 12 10 14 13 15 10 10 14 14 12 10 15 15 12 11 12 14 12 11 13 11 14 14 12 14 14 12 15 11 11 15 11 11 13 14 14 15 12 10 13 15 10 10 12 15 11 15 11 10 12 15 15 15 14 14 10 11 12 11 12 14 15 12 13 10 11 11 14 11 11 11 15 10 12 15 12 13 15 15 15 12 12 12 15 10 12 11 13 15 11 12 14 14 15 12 10 11 13 10 13 10 14 15 11 12 15 13 10 14 12 14 11 15 10 12 12 15
450
15 11 13 15 11 15 13 14 12 11 10 13 11 10 13 11 13 10 13 13 10 10 11 12 15 12 10 12 10 13 13 10 15 14 13 15 14 12 13 11 10 10 13 14 14 14 14 10 10 12 13 12 14 14 15 14 13 14 10 14 15 11 13 14 11 12 12 15 12 13 13 14 14 15 12 11 13 12 15 14 15 15 13 15 14 13 14 10 10 13 13 14 14 10 10 12 14 15 12 11 11 13 12 12 13 13 14 13 14 13 12 13 14 13 12 14 12 15 14 13 13 11 12 13 10 10 15 10 12 15 15 15 10 11 15 14 11 12 10 11 12 14 13 12 11 13 12 12 14 13 11 14 13 10 11 11 15 10 12 13 10 13 10 14 14 11 12 10 15 10 10 10 14 13 15 15 15 14 11 11 13 15 12 13 14 10 10 11 14 10 11 13 13 13 15 12 12 12 15 15 12 11 11 13 14 11 15 14 11 14 12 11 14 10 10 15 15 15 15 12 12 11 11 13 11 11 10 12 12 12 10 12 10 13 15 11 12 10 11 15 14 14 12 12 15 15 15 12 13 15 13 15 11 10 10 15 14 12 15 12 10 15 13 10 10 11 12 14 15 10 15 15 14 14 15 11 13 12 11 15 12 10 11 15 14 10 10 12 11 11 13 14 15 11 10 10 11 11 13 15 14 15 12 10 15 10 11 10 11 15 10 10 13 13 15 13 15 12 11 15 11 11 11 11 10 15 13 14 15 13 12 13 14 13 10 14 14 12 15 14 15 13 15 10 13 12 15 14 10 10 12 15 13 13 13 10 10 11 14 13 11 14 13 15 12 11 13 15 14 15 13 11 12 15 11 10 12 11 15 12 14 11 12 11 10 11 13 15 12 12 13 13 11 12 12 10 14 11 15 14 12 15 11 10 11 11 12 15 14 12 10 10 13 11 11 13 10 11 11 10 12 12 12 11 12 12 12 15 10 14 15 12 14 11 15 14 10 14 10 12 10 11 10 11 13 15 15 12 15 10
500
14 12 10 10 13 13 11 11 12 11 11 15 10 14 14 14 10 14 15 12 11 15 13 12 15 10 10 15 14 14 14 12 10 13 15 14 14 12 14 13 14 12 14 14 10 15 12 12 15 11 11 15 12 11 14 11 10 14 13 10 13 12 12 10 15 12 10 12 14 11 10 13 14 11 15 11 11 11 12 14 12 12 11 11 15 12 11 13 12 12 11 10 13 14 11 11 14 10 15 10 12 15 11 13 10 14 13 12 15 10 10 13 13 11 10 14 14 11 13 10 15 13 10 12 13 11 10 12 15 12 11 14 14 13 10 14 13 15 11 15 11 11 10 12 14 13 12 13 12 12 11 13 13 12 10 14 14 14 12 10 11 15 10 15 10 11 14 14 14 13 13 11 15 14 14 14 12 14 10 12 13 12 13 15 11 12 15 13 11 11 11 13 13 10 11 13 11 10 13 14 13 11 11 12 13 14 12 13 14 12 11 12 12 14 10 10 15 13 14 11 13 11 15 12 10 14 15 11 11 12 14 15 14 14 12 12 10 12 12 12 14 10 11 13 14 14 10 10 15 14 11 11 15 10 15 13 14 13 12 13 10 13 14 10 13 11 15 14 15 15 12 13 12 11 11 12 12 15 14 13 15 12 14 13 10 15 13 13 13 14 13 14 12 12 15 14 15 12 11 10 14 12 12 14 14 12 13 13 14 11 12 13 10 14 12 11 10 10 15 14 15 14 15 10 12 14 12 15 10 13 11 15 15 10 13 11 11 14 10 12 10 13 11 15 13 11 14 11 11 12 15 11 10 12 15 15 15 12 12 10 12 10 11 12 15 10 14 14 11 11 13 12 12 13 14 13 12 14 12 15 14 10 10 15 12 15 11 12 11 11 11 15 14 10 13 11 12 10 11 15 10 12 10 10 12 12 11 11 13 10 12 14 13 13 15 12 11 10 15 13 12 11 10 12 14 12 12 13 12 13 14 12 11 10 15 14 10 11 15 13 12 11 13 12 14 10 14 13 10 12 12 11 14 14 15 11 15 13 13 12 13 14 11 13 10 10 13 11 10 11 11 13 10 14 15 12 10 13 11 14 12 10 15 12 12 12 11 14 15 14 11 15 14 12 11 13 12 15 14 15
550
13 15 10 11 11 10 10 12 11 15 10 13 15 15 10 15 14 12 11 13 12 15 14 12 12 12 10 10 13 12 12 12 14 12 14 11 11 10 10 11 10 14 11 13 15 11 14 10 12 15 15 12 15 14 12 13 15 13 14 15 13 10 11 10 11 15 15 15 13 13 12 13 13 14 10 12 15 11 12 15 15 14 10 13 10 14 15 10 13 10 14 15 15 10 10 11 10 14 14 13 14 10 11 12 14 12 15 10 11 10 14 14 14 12 10 10 10 13 11 13 12 13 13 14 13 13 10 13 12 10 14 10 10 14 13 10 14 15 12 15 13 11 11 15 11 13 12 12 11 14 12 14 15 15 11 12 12 15 13 10 15 12 15 10 15 14 14 14 15 12 11 15 10 15 10 15 10 11 13 15 11 10 11 13 14 12 11 12 14 11 11 14 15 11 14 12 12 13 12 10 11 14 12 13 14 15 15 12 10 13 13 11 13 14 15 11 13 12 15 15 13 10 14 14 13 14 14 11 11 13 10 15 15 11 11 13 11 10 13 15 11 13 13 14 11 13 11 10 13 10 10 13 10 13 15 12 15 14 11 11 12 11 12 14 15 11 14 14 12 14 10 10 15 10 10 12 12 10 13 10 12 11 13 11 13 11 10 13 11 14 12 10 11 12 14 15 11 11 12 14 15 10 13 14 10 11 12 11 14 14 10 11 13 11 14 11 14 15 15 12 14 10 10 13 11 15 13 14 10 11 10 10 13 13 11 13 15 13 14 13 11 11 14 13 11 10 10 11 10 14 13 13 14 11 13 12 15 11 12 15 15 14 13 10 12 14 14 11 11 11 15 13 10 10 14 12 15 11 10 15 11 14 12 10 10 10 14 10 15 15 11 14 14 13 11 10 12 12 13 13 14 10 11 11 15 12 11 12 13 12 11 13 11 14 11 10 10 14 14 15 11 14 15 14 11 11 14 11 12 14 12 15 14 11 15 13 12 12 13 15 11 14 13 15 13 12 11 11 12 12 15 14 11 10 10 12 12 11 15 15 10 11 14 10 13 14 13 15 11 15 11 10 15 13 14 10 14 10 10 14 13 11 13 11 12 12 15 10 13 13 13 15 14 15 10 12 12 14 14 13 15 14 15 15 15 15 13 10 10 13 13 13 15 12 13 14 12 13 11 13 12 10 14 11 11 15 13 14 11 12 13 13 13 12 14 11 11 12 13 14 11 10 15 11 14 14 12 11 11 12
600
12 15 11 15 15 10 14 15 13 10 12 11 12 15 13 11 13 13 13 14 10 13 11 14 11 14 13 10 15 13 12 12 11 10 12 11 13 14 11 14 10 10 13 12 14 11 11 14 10 13 15 10 15 15 10 12 11 14 12 12 10 14 14 10 11 12 11 10 14 15 10 14 12 14 10 10 13 14 15 11 10 13 15 13 13 12 14 10 13 11 13 13 13 11 15 13 12 15 10 10 13 13 11 14 11 12 12 14 10 10 10 11 10 10 10 12 14 14 15 11 14 12 11 12 14 11 13 12 11 11 10 15 15 10 10 13 13 15 10 11 14 12 13 10 12 11 15 11 13 11 14 14 11 11 15 14 15 12 11 10 13 13 12 11 12 11 10 11 11 13 11 10 13 15 12 14 13 12 13 11 11 14 12 15 15 13 13 10 14 14 13 13 12 11 10 15 11 12 12 13 14 15 15 13 14 15 13 13 11 14 14 13 12 13 14 10 14 13 15 11 11 15 13 10 15 14 14 10 15 14 14 11 15 13 12 11 12 14 10 14 11 13 14 14 14 10 12 10 10 15 14 14 12 15 13 12 12 13 11 12 10 13 10 14 14 12 10 11 15 13 14 13 14 13 10 15 12 10 11 12 15 12 12 13 13 14 12 12 10 10 13 10 10 14 10 12 13 10 14 14 10 15 13 14 12 10 14 14 11 13 13 12 15 15 15 11 12 12 13 13 10 15 12 14 12 13 15 12 11 11 13 13 14 12 15 13 12 10 14 14 12 11 12 10 12 11 11 12 15 10 10 10 10 13 12 14 15 12 14 11 11 14 13 14 15 13 15 15 15 15 13 15 10 12 11 15 10 11 11 12 10 10 11 12 13 11 10 10 10 14 13 10 10 11 10 14 13 10 11 10 11 12 10 10 13 13 10 13 15 15 14 12 12 12 14 11 14 11 11 11 10 15 14 12 13 13 14 13 15 15 14 12 10 13 15 11 11 12 11 13 11 14 11 15 14 14 10 14 13 12 11 15 13 12 11 13 10 14 10 12 14 10 10 13 14 11 12 13 11 11 14 12 13 10 11 11 11 12 15 10 12 12 14 11 13 13 15 14 15 15 15 11 13 13 15 12 15 11 11 15 12 13 12 13 12 13 13 10 15 14 13 10 14 13 14 13 15 13 10 15 13 14 11 13 15 12 12 11 11 15 10 11 10 12 14 13 13 13 12 11 14 14 13 11 12 11 10 14 14 10 14 12 13 11 12 15 10 11 11 15 14 11 10 11 10 12 12 12 12 12 15 10 15 13 12 14 11 12 15 13 10 10 12 12 15 10 14 12 10 11 11 14 10 11 14 12 15 11 10 15
650
13 10 11 10 11 13 12 14 12 12 11 15 12 13 13 14 12 13 15 11 14 14 14 15 15 15 12 14 11 11 10 10 11 15 12 12 10 13 13 10 11 15 10 13 13 13 11 12 12 13 14 10 13 14 12 11 13 14 12 14 13 13 13 14 13 13 10 13 11 12 12 13 14 15 14 10 11 11 14 10 14 10 10 10 11 13 10 15 10 12 13 15 12 10 13 13 15 15 10 10 11 12 15 11 14 15 12 11 13 12 13 11 11 11 15 11 15 11 14 12 10 14 13 10 14 14 10 10 14 11 12 10 14 15 12 13 10 11 10 10 11 10 12 14 15 12 13 15 12 12 11 13 10 10 12 14 14 14 11 10 15 13 10 10 13 13 15 12 10 11 14 12 12 10 15 15 13 14 15 15 10 14 11 11 13 13 15 14 11 10 13 11 12 13 11 14 15 12 11 13 13 15 11 15 15 10 14 11 14 11 13 14 12 14 10 10 12 11 14 13 11 10 10 14 12 15 11 13 10 13 13 15 12 11 13 11 12 14 14 12 15 10 15 12 11 13 15 11 15 12 15 10 14 14 14 13 10 13 15 13 15 14 13 11 13 15 13 15 12 12 10 14 10 15 10 15 15 11 14 11 12 11 13 13 11 10 12 15 10 11 15 14 14 15 11 10 15 15 13 10 14 10 14 15 11 11 14 14 12 13 11 15 14 14 12 15 11 14 10 14 11 10 11 11 10 10 13 12 15 12 11 12 12 15 12 12 11 12 15 11 11 13 10 10 14 10 11 13 14 15 12 13 14 15 14 15 14 15 10 10 15 12 14 15 10 13 10 13 11 11 12 13 11 13 12 15 12 12 12 14 11 15 10 15 15 14 10 10 14 14 12 13 13 15 12 12 10 11 12 15 15 10 14 14 11 11 12 11 11 10 11 13 15 15 15 11 15 12 14 14 13 13 13 12 14 13 14 11 15 10 13 10 14 14 15 10 14 15 14 10 10 11 13 13 15 12 14 14 14 13 12 12 12 10 10 14 11 14 10 15 15 14 10 11 11 12 15 12 14 10 14 11 11 10 10 13 13 10 15 13 15 11 14 12 15 13 14 10 11 10 14 15 12 13 15 11 10 15 10 13 11 12 10 10 11 12 15 11 13 11 10 13 11 12 11 15 10 13 15 15 13 15 13 14 12 15 12 11 14 14 15 13 14 14 11 14 11 14 12 10 13 11 15 14 14 11 11 15 13 14 15 12 13 11 15 11 14 10 14 12 14 13 12 12 14 11 10 11 15 12 15 10 15 10 11 11 13 10 12 10 14 11 13 12 15 10 14 13 14 13 14 13 12 11 11 11 13 13 15 14 10 13 13 12 11 15 15 11 14 14 10 12 11 11 11 13 12 11 13 13 12 15 15 15 13 14 13 14 12 10 14 12 15 11 14 12 12 14 13 15 14 12 10 15 10 14 11 10 13 14
700
13 11 10 10 15 10 13 11 12 14 12 12 11 13 14 10 10 12 15 14 13 12 12 10 13 14 11 10 11 12 12 10 15 14 11 11 12 11 11 14 11 12 13 13 11 10 15 14 12 14 11 11 13 13 10 12 15 14 12 12 10 10 10 14 15 12 10 12 14 14 10 10 10 11 10 14 10 13 13 11 14 13 12 10 11 13 15 14 10 11 12 12 13 11 10 13 11 15 10 13 13 15 14 14 13 10 14 12 14 11 15 11 10 11 10 11 14 12 10 12 12 12 10 13 10 14 14 14 11 10 11 10 15 11 10 14 15 14 15 13 14 12 14 10 13 10 12 12 13 15 11 10 12 11 15 15 15 10 13 11 15 14 13 11 10 11 12 11 14 12 11 12 10 11 14 14 13 10 13 10 12 14 15 14 15 12 15 15 12 11 10 11 10 13 11 15 15 13 11 15 11 10 15 15 13 11 15 11 11 10 10 11 11 11 11 15 11 12 11 13 14 14 15 13 12 13 10 14 15 11 14 11 14 13 12 12 11 14 15 14 13 13 11 10 15 13 11 11 14 14 15 15 13 13 12 13 15 11 13 15 10 12 10 11 15 10 11 15 10 11 13 11 13 12 10 10 10 15 15 10 14 10 10 13 15 10 14 12 13 13 14 13 12 10 15 10 15 10 15 11 13 12 13 10 10 12 13 13 10 15 14 12 14 11 15 10 15 12 14 10 11 12 13 14 12 14 15 15 12 10 10 10 10 14 11 11 12 11 10 15 10 15 13 13 10 11 10 12 14 14 15 11 15 11 12 10 10 15 14 15 12 11 12 15 12 11 11 12 11 11 13 12 10 14 15 13 12 12 14 14 12 12 10 10 15 13 11 11 10 10 14 13 12 10 14 14 13 12 14 10 12 13 12 12 15 10 13 10 11 13 13 11 13 12 13 13 12 15 12 11 15 12 11 15 12 10 11 10 11 12 12 12 14 11 11 15 11 10 15 10 12 15 12 13 10 13 14 11 15 14 14 10 15 14 14 14 12 15 15 13 15 10 13 12 13 14 10 15 12 13 13 14 13 11 14 12 11 15 10 14 10 15 14 10 12 15 14 12 15 10 15 15 13 11 15 13 11 15 14 13 11 14 10 12 10 10 11 10 14 15 12 13 13 12 11 14 11 15 12 12 15 15 10 14 14 10 15 13 10 13 10 13 10 12 15 10 11 10 12 13 15 10 12 10 11 10 15 14 14 15 12 10 15 10 10 12 14 10 14 10 12 13 13 13 11 12 12 14 14 11 12 15 13 15 13 15 12 10 15 10 14 12 10 13 15 10 12 12 11 13 11 14 10 14 11 15 15 15 14 10 13 14 13 14 13 13 10 10 14 11 13 10 11 15 15 12 13 12 13 10 14 14 12 11 11 15 11 13 14 15 14 10 12 11 15 11 11 15 13 13 12 12 14 14 13 15 12 13 12 12 11 11 11 12 15 15 13 10 11 13 10 15 10 14 13 11 11 14 13 10 11 15 14 14 11 12 11 15 14 11 10 11 10 15 14 12 15 14 12 12 11 11 12 13 11 15 10 11 11 13
750
13 14 15 11 10 10 12 14 11 10 12 14 12 11 15 15 15 15 13 15 13 10 11 11 13 14 11 13 15 12 15 10 14 10 15 13 15 11 14 15 13 13 10 13 14 11 11 11 11 10 15 10 10 15 12 12 13 12 15 15 13 13 11 13 14 12 13 10 11 10 13 13 12 10 14 14 10 11 15 12 13 12 10 13 15 10 12 14 10 15 12 11 11 10 10 10 11 10 10 14 14 13 10 11 13 14 11 12 15 12 10 12 15 13 13 14 13 14 15 12 12 15 14 10 15 10 12 15 10 15 15 11 11 15 10 14 10 13 14 14 13 13 10 12 11 14 12 13 10 14 14 13 13 13 12 10 11 11 10 13 10 10 13 13 15 13 15 14 15 11 13 15 10 11 13 12 11 11 12 14 14 12 10 15 13 15 11 14 12 14 13 10 15 13 13 10 12 12 12 11 12 13 10 12 11 13 10 13 14 11 14 15 10 13 15 14 14 11 13 12 14 11 14 15 11 14 11 15 14 13 14 14 13 12 10 13 12 15 12 13 13 12 12 15 13 15 14 13 13 11 15 13 13 15 11 11 13 14 13 14 11 13 15 12 13 12 15 13 13 12 15 15 14 15 11 13 10 12 13 14 11 14 10 15 12 13 12 12 11 15 10 12 14 13 10 13 15 10 11 12 13 13 10 14 11 11 12 11 14 15 11 12 13 11 14 13 13 11 11 14 13 12 15 10 13 11 14 14 11 14 12 10 11 13 10 13 10 10 15 14 10 11 15 13 11 11 10 15 10 10 14 13 15 14 12 10 14 10 15 15 13 13 11 12 11 12 13 15 12 13 10 12 15 14 11 10 11 15 12 13 12 12 13 13 12 12 12 12 14 11 13 12 11 13 11 15 15 14 14 12 13 14 14 15 14 10 14 11 10 13 13 11 15 10 11 13 15 15 14 10 11 13 13 13 10 11 11 12 13 13 15 13 15 12 12 11 12 10 13 12 15 15 12 13 14 10 15 11 14 14 10 10 10 13 14 10 13 12 15 10 15 13 13 14 15 11 11 14 11 10 11 13 13 12 13 12 11 13 10 11 15 12 15 10 11 12 15 13 12 11 13 11 12 15 13 11 15 12 10 15 15 11 14 11 11 10 14 11 10 12 12 15 12 11 10 14 12 11 10 12 11 11 14 11 15 15 11 14 14 12 13 12 14 11 10 14 10 10 12 12 12 10 15 11 10 10 11 15 12 11 14 10 12 14 13 15 10 12 14 15 14 11 10 12 15 12 14 15 11 15 11 14 15 14 14 11 15 11 15 11 13 15 12 11 14 11 12 15 13 12 13 12 13 13 14 10 11 10 13 12 13 10 13 15 13 14 14 15 13 14 14 14 12 13 12 10 15 10 14 15 15 11 12 11 12 13 10 12 10 13 11 14 13 10 10 13 11 11 14 15 15 12 13 10 11 10 13 14 13 13 12 15 14 10 12 10 15 15 10 10 10 14 13 13 13 15 13 14 14 13 15 11 12 14 15 13 12 13 11 15 11 13 14 13 12 10 12 13 13 10 15 12 11 10 10 13 15 12 12 12 13 15 15 10 10 10 14 15 14 15 15 11 10 13 11 15 12 13 12 13 14 11 12 14 12 14 10 13 15 11 14 11 13 15 10 12 11 10 11 14 11 13 10 13 12 12 12 15 15 11
800
15 12 10 11 11 13 15 14 12 10 10 13 10 14 15 14 15 12 10 11 10 15 15 10 12 10 11 15 13 10 10 11 13 12 12 11 14 13 10 11 13 14 12 10 13 15 14 15 15 15 11 15 10 10 15 11 15 12 12 12 13 10 15 11 15 15 14 12 12 12 12 10 15 14 11 11 11 13 11 12 14 13 12 15 14 14 14 14 12 12 11 11 12 13 10 12 14 11 13 13 12 13 12 12 10 12 12 13 14 15 15 13 15 14 13 10 10 12 10 12 14 14 12 15 13 13 11 15 12 14 15 11 13 12 12 14 11 12 10 15 12 13 14 13 13 15 13 13 11 14 13 12 12 14 15 14 11 10 10 13 12 14 10 10 14 10 14 14 15 12 13 10 11 11 14 12 14 14 11 11 12 12 15 13 15 12 11 15 14 12 13 11 12 10 15 13 11 10 15 13 13 12 13 10 13 11 15 13 10 14 15 11 13 13 12 14 11 10 13 15 13 13 12 10 13 14 10 15 10 12 15 15 10 14 15 10 10 13 10 13 10 11 15 14 13 12 13 12 12 12 14 12 12 15 11 15 12 10 15 11 12 15 10 11 12 14 15 13 12 12 10 11 11 10 15 10 11 15 15 14 13 10 15 14 10 14 10 10 13 10 14 10 10 13 12 11 15 14 15 12 11 14 15 10 10 11 14 14 11 15 12 15 11 11 15 12 14 11 14 12 13 12 10 13 15 15 10 12 12 10 15 12 12 14 15 13 14 14 12 10 10 14 12 13 11 15 15 10 15 14 12 14 11 12 12 15 11 11 15 13 14 13 12 10 14 12 12 15 15 13 15 12 14 14 15 11 15 15 10 11 11 13 15 13 15 10 14 15 14 15 13 12 11 11 11 11 14 11 11 11 15 15 12 11 10 15 14 13 13 10 11 10 14 10 15 14 10 12 12 11 14 15 10 13 12 10 14 10 12 15 14 11 11 14 12 10 13 11 11 15 13 10 14 15 10 11 12 10 15 11 14 14 11 15 10 11 12 14 15 10 14 11 13 10 10 11 15 13 13 14 10 10 15 13 15 14 13 14 13 12 10 13 15 14 15 11 14 10 11 13 10 11 11 15 15 11 14 11 13 10 13 14 15 11 15 12 15 13 15 13 13 12 14 11 14 15 13 15 12 13 14 12 12 10 10 14 12 15 10 10 13 10 13 15 10 10 12 14 12 14 15 11 13 13 15 10 11 10 14 14 12 13 14 10 12 10 14 10 13 11 13 12 15 11 10 12 14 12 11 15 12 10 14 12 14 15 12 12 14 14 13 12 15 13 13 11 14 14 15 10 12 12 15 13 15 10 11 13 12 11 13 12 14 11 11 12 15 15 12 13 15 11 14 15 12 10 12 14 10 13 13 10 15 13 11 13 15 14 13 14 13 14 10 15 15 12 14 11 13 11 15 14 14 14 10 15 15 15 13 11 14 14 10 10 11 12 12 12 14 10 10 13 15 13 11 12 13 13 15 13 15 14 13 12 10 15 15 14 10 15 15 10 14 14 12 10 13 10 10 10 15 15 14 14 12 11 10 11 10 10 13 10 14 15 11 13 12 15 11 14 13 11 11 15 13 15 15 10 13 14 10 14 10 10 12 13 15 15 14 14 10 12 13 14 14 12 15 10 12 12 10 13 13 11 13 10 12 10 14 11 14 15 11 10 15 12 11 12 12 10 14 15 15 14 12 13 15 12 15 11 12 13 11 15 15 12 14 13 13 13 10 14 13 10 13 12 10 15 10 12 13 13 10 14 14 12 14 13 15 11
850
13 10 13 11 12 11 12 11 14 15 12 12 12 13 13 14 14 14 14 14 15 13 15 12 13 11 10 14 14 13 13 10 12 11 11 13 13 11 13 15 10 12 14 14 10 13 10 10 15 14 11 13 15 11 10 10 15 13 11 13 15 11 13 13 13 10 12 12 11 10 10 13 13 13 13 14 15 12 15 15 13 12 11 14 11 15 15 15 13 10 15 11 11 13 15 11 14 15 11 10 15 15 11 12 10 15 15 14 14 10 12 14 11 12 15 14 15 10 14 12 12 12 13 15 13 13 12 11 13 14 10 14 15 14 10 13 11 12 15 14 15 15 13 11 11 13 14 14 15 15 15 15 12 13 13 12 13 11 15 14 12 12 12 11 12 15 13 12 10 10 15 15 14 13 15 13 12 13 10 12 10 11 11 13 12 11 11 13 15 13 14 11 14 13 13 14 11 15 15 10 11 11 12 13 10 12 12 13 11 15 11 12 15 14 10 11 15 14 10 13 10 13 15 10 11 12 13 14 14 13 11 13 12 13 14 11 14 15 10 14 10 10 12 15 10 10 12 13 13 12 14 11 12 12 15 10 11 14 11 14 12 13 14 10 15 15 15 11 14 10 11 13 14 12 15 13 14 10 14 12 13 14 11 12 15 10 10 14 11 12 15 15 15 14 14 13 13 13 12 13 15 10 12 15 15 11 12 11 10 12 12 10 10 10 12 12 11 11 12 13 14 15 15 10 14 14 13 10 11 14 15 13 10 12 10 15 12 11 13 10 15 11 12 12 12 14 11 10 11 13 13 13 12 11 14 14 12 11 14 11 12 12 14 11 11 12 13 15 13 12 13 15 11 14 15 12 15 14 13 13 10 10 10 14 11 15 15 13 13 11 12 15 10 12 10 14 11 12 11 10 15 11 13 11 12 13 14 15 10 14 10 14 13 14 10 10 14 14 12 14 10 10 12 10 11 10 13 15 15 12 13 14 11 12 11 15 11 10 11 10 10 12 14 10 12 15 15 13 11 10 13 10 14 10 10 12 10 13 11 11 13 10 11 11 15 11 13 10 15 12 12 12 10 12 10 14 15 11 13 14 12 10 14 10 15 14 14 11 14 15 11 14 14 13 11 12 14 14 13 10 11 11 11 12 15 10 10 11 13 10 12 11 13 10 15 15 15 12 10 10 12 15 15 13 13 11 10 10 13 11 12 14 11 12 10 14 11 10 10 10 13 15 15 15 13 10 13 12 10 13 14 10 14 15 10 11 12 14 10 11 11 14 12 10 10 15 11 15 12 13 15 10 15 10 14 10 15 12 13 10 10 14 10 10 10 14 15 13 15 12 15 13 14 15 13 12 13 15 12 11 11 11 14 11 14 13 15 12 15 12 11 14 13 13 12 15 14 12 15 10 13 13 10 11 10 10 10 11 12 14 14 14 11 10 11 10 13 10 11 12 13 11 15 13 15 12 13 13 10 15 14 10 13 13 15 11 12 11 10 10 11 10 10 13 12 10 10 12 10 13 13 11 15 15 13 11 14 13 12 10 12 11 13 10 10 14 12 14 11 15 13 11 13 14 13 13 15 11 11 10 12 10 13 13 14 15 12 11 14 10 11 15 14 14 13 14 15 10 14 13 11 14 11 14 11 14 15 15 13 13 14 13 12 15 11 12 12 14 13 12 13 14 10 10 14 12 14 13 14 13 14 15 11 15 11 10 10 15 15 14 12 10 12 13 10 11 12 13 13 14 14 11 11 15 10 12 14 11 12 15 13 11 10 15 12 11 13 15 10 13 11 14 14 11 10 13 10 12 10 10 10 13 13 11 14 12 15 14 11 12 10 13 15 13 10 12 14 14 11 10 13 13 11 15 14 10 12 15 11 10 13 12 12 15 14 14 15 13 15 13 10 11 12 14 11 13 11 11 14 14
900
15 12 15 15 14 12 10 11 10 12 13 13 15 14 13 10 13 15 13 15 15 12 10 14 14 10 13 15 15 10 13 14 14 10 12 15 12 11 12 14 10 12 14 11 11 15 15 13 13 14 11 14 13 12 11 13 15 14 12 13 12 12 11 14 13 15 14 13 15 11 10 15 11 14 10 10 14 10 11 13 15 14 13 10 15 14 10 10 10 10 11 15 12 15 11 13 14 10 15 13 15 11 13 10 12 11 14 14 12 10 14 12 13 11 11 12 12 12 13 15 10 15 14 12 10 10 14 15 11 10 13 10 15 10 11 15 11 12 10 13 15 12 15 15 15 10 10 12 10 11 10 12 14 15 12 15 10 11 12 13 14 11 14 13 10 15 13 12 12 10 13 13 13 10 15 12 12 12 15 15 12 14 13 13 15 11 12 10 12 14 11 11 12 10 11 14 10 12 10 11 13 15 12 13 15 15 10 13 10 12 12 12 10 12 15 11 12 14 12 12 12 13 14 11 13 11 15 12 11 14 13 11 11 10 14 15 14 14 10 14 15 13 12 13 10 10 10 14 14 11 10 13 12 15 12 15 11 12 13 13 13 11 10 12 10 13 13 13 11 10 12 14 14 13 14 15 15 11 10 12 14 13 11 13 11 10 10 12 11 14 11 13 13 11 13 14 10 13 11 11 13 10 15 13 15 15 12 15 15 14 12 15 14 15 10 10 12 15 12 14 14 10 11 10 10 13 14 11 12 12 13 11 13 11 10 10 11 12 13 14 11 13 15 11 14 13 10 14 12 15 14 10 12 10 10 14 14 10 11 11 13 15 10 15 14 14 13 15 10 15 14 13 15 15 15 14 10 14 10 13 13 12 12 13 13 12 13 12 11 15 12 14 13 15 11 13 15 13 12 15 14 11 11 12 11 10 13 14 15 12 10 14 11 12 13 15 10 13 11 10 11 13 13 10 12 12 12 14 11 13 11 14 14 15 15 14 12 10 15 10 11 15 12 11 11 11 12 14 15 15 14 11 12 10 10 10 11 13 12 12 10 10 14 14 12 14 15 15 14 12 10 13 14 12 11 15 15 15 12 14 10 15 12 14 15 12 13 14 10 10 10 15 12 15 11 15 10 13 11 15 11 15 11 11 15 14 14 11 13 13 10 11 15 12 15 15 13 14 11 11 13 14 12 11 14 10 12 11 13 15 13 14 14 15 12 11 15 12 11 13 10 14 14 13 11 15 13 11 10 14 15 11 10 15 12 10 10 14 11 13 10 10 12 14 13 14 14 11 12 13 13 13 14 13 12 12 13 11 10 15 12 13 12 13 10 10 13 10 12 14 12 15 11 15 13 11 14 15 14 13 14 15 11 10 12 14 12 11 13 15 10 14 10 10 14 10 11 14 14 13 13 10 10 12 14 12 15 11 14 10 15 15 14 15 15 11 14 14 10 10 11 10 13 15 10 13 11 14 13 12 12 11 11 11 12 10 13 13 12 10 11 12 11 14 10 14 10 14 10 10 13 11 13 10 11 12 10 10 14 14 12 15 15 10 10 11 13 12 14 14 12 10 10 11 10 14 14 13 10 14 15 15 14 14 14 14 15 14 13 14 14 10 12 11 11 15 11 11 13 14 10 13 13 14 13 11 11 12 14 11 10 15 15 14 14 13 14 12 14 11 11 15 13 15 10 11 10 14 13 11 10 15 10 13 14 12 12 14 13 14 15 11 11 13 14 15 15 10 13 10 13 15 15 10 10 13 13 11 15 15 10 10 15 15 14 13 11 10 10 10 12 11 14 12 15 12 15 11 13 13 12 15 10 10 13 10 14 13 10 13 12 10 14 13 15 13 12 10 10 12 11 12 13 13 15 13 11 12 11 12 15 11 12 12 13 14 13 11 15 10 13 12 13 11 15 14 15 13 14 10 15 10 12 13 15 10 10 15 14 15 14 14 14 12 11 15 11 15 12 15 14 15 10 11 12 10 11 11 13 12 13 14 15 13 11 12 14 11 13 14 12 15 14 12 10 13 11 10 11 15
950
14 10 14 11 10 12 10 15 13 11 11 12 10 13 12 12 14 15 11 11 13 11 11 12 15 13 10 11 15 10 10 15 15 14 13 14 15 13 13 13 14 14 15 10 13 12 12 15 14 13 15 12 15 13 15 11 11 12 15 10 13 13 14 15 14 14 10 13 13 13 13 14 14 11 15 15 14 10 15 15 11 13 10 11 11 15 13 14 11 12 15 14 13 12 13 14 13 13 10 10 11 12 14 12 15 15 15 12 13 13 14 14 15 12 10 14 15 10 13 14 10 11 15 15 11 12 13 13 12 13 11 10 10 13 15 11 12 11 15 14 10 14 10 10 10 11 14 13 15 11 11 14 10 11 12 13 10 12 10 14 14 11 13 13 14 12 15 15 11 12 15 15 14 15 14 13 11 14 15 14 11 15 10 12 11 11 12 15 15 15 10 11 14 15 15 10 10 15 10 10 10 15 13 12 14 13 10 15 15 12 12 11 14 12 10 10 13 11 12 11 14 10 11 14 14 11 10 15 11 11 11 10 10 15 12 11 12 14 10 10 10 11 10 14 13 15 14 11 13 12 12 15 11 12 11 13 10 13 11 15 12 11 13 13 15 11 15 14 10 13 13 14 10 10 15 15 12 10 13 14 12 13 13 11 10 15 12 15 15 10 11 14 11 11 12 14 10 13 13 11 11 11 14 14 12 13 15 12 11 15 13 13 12 13 12 11 14 14 11 12 14 14 10 15 11 11 11 13 15 10 12 14 11 13 11 12 14 13 13 14 13 11 11 13 11 13 13 15 13 11 15 14 14 12 14 14 10 12 12 13 10 12 10 15 14 12 15 12 10 13 10 15 12 15 10 10 15 11 15 11 11 14 15 13 12 14 12 10 10 12 10 11 10 13 12 10 15 14 11 14 13 13 12 10 10 14 15 14 15 14 11 15 11 12 11 11 14 11 11 13 14 14 14 13 15 11 11 13 14 10 11 14 11 15 10 10 14 13 10 11 11 14 13 13 14 12 13 12 10 10 11 13 14 13 12 11 11 12 10 14 12 15 14 12 12 12 11 11 10 12 11 13 13 12 15 12 10 14 12 14 14 12 13 12 10 10 11 12 11 13 15 12 15 12 15 14 13 10 13 15 11 12 15 15 14 12 13 14 15 10 13 11 15 10 14 10 11 12 14 13 15 13 14 13 15 15 10 15 11 12 15 11 15 14 13 11 14 15 13 12 10 15 15 15 12 15 12 14 13 14 13 14 15 15 13 13 11 10 12 12 10 15 14 14 12 10 12 12 12 14 15 13 15 15 14 13 15 12 12 10 10 15 10 12 14 15 10 14 11 13 14 13 10 12 14 12 15 12 14 10 13 11 15 11 12 11 13 15 12 13 14 13 13 11 10 11 12 14 13 10 11 10 10 15 11 14 10 14 14 11 13 14 14 15 11 12 15 12 15 15 12 13 15 11 10 11 14 11 12 11 10 13 14 10 10 14 13 10 12 14 13 10 13 14 11 12 11 11 11 15 12 13 11 12 10 13 10 14 13 10 14 15 13 15 15 13 15 14 15 11 15 14 11 13 12 14 14 11 15 14 11 13 12 11 15 12 13 11 13 11 12 14 10 11 12 13 10 12 10 13 14 10 14 12 14 12 14 13 13 14 11 14 15 15 14 13 10 10 11 15 11 13 11 13 11 12 10 11 15 13 12 10 12 13 13 12 14 10 11 14 12 14 13 11 11 14 11 11 13 15 15 14 13 13 14 13 13 11 12 11 14 14 12 11 15 11 15 14 12 13 11 13 13 12 10 10 15 10 15 12 11 11 13 14 15 12 14 15 15 12 13 13 13 15 12 15 11 15 10 11 12 14 12 15 10 15 15 11 14 10 12 12 12 12 13 14 13 11 10 15 15 10 15 11 15 14 10 10 15 12 15 11 11 14 11 12 12 10 10 14 12 10 14 14 12 15 11 12 14 15 14 14 11 14 10 13 13 14 13 13 14 11 13 11 11 14 11 12 10 13 12 15 13 15 13 10 11 10 13 13 15 12 11 15 12 11 13 15 15 10 14 10 14 11 11 12 12 13 15 15 12 11 14 15 14 15 10 13 14 14 15 13 12 11 14 10 14 12 13 13 15 15 11 15 15 13 13 12 13 13
1000
11 15 12 14 12 10 12 10 14 14 14 12 15 10 13 11 13 15 11 10 13 10 15 11 13 12 15 15 11 15 14 13 15 10 15 13 15 13 13 15 13 13 15 11 11 12 14 11 15 11 10 10 11 14 10 15 15 11 13 10 11 15 14 13 12 10 11 10 15 15 15 10 11 13 13 10 13 15 13 14 13 13 11 10 13 10 13 14 15 15 10 10 13 12 11 12 15 15 10 14 11 10 11 10 12 14 14 12 15 10 11 11 15 13 14 13 13 11 10 15 15 14 13 12 15 15 13 12 12 12 11 10 10 12 11 11 11 10 11 12 13 13 11 11 12 10 10 11 11 13 11 11 14 14 12 12 12 10 13 12 12 15 12 15 14 15 13 10 14 10 12 10 15 15 11 14 13 14 11 12 15 14 12 10 15 10 13 12 11 13 13 11 12 11 11 14 10 15 13 11 15 10 11 15 10 10 15 13 14 15 14 15 15 15 11 15 15 12 14 12 13 11 11 11 15 11 11 13 13 10 14 12 15 14 13 13 13 11 15 15 15 11 11 13 11 11 11 14 15 10 15 11 10 12 10 11 13 12 10 13 11 10 15 11 11 10 14 12 13 12 10 15 13 12 12 11 11 10 15 14 13 10 15 13 10 12 11 13 14 11 13 11 13 10 10 14 11 12 15 11 14 11 13 10 13 10 12 12 12 15 13 13 13 13 12 12 10 15 15 14 11 14 10 12 13 12 15 10 11 13 12 15 12 12 14 11 14 15 11 14 15 10 13 12 10 13 10 12 13 14 14 14 15 14 11 15 12 12 14 15 14 15 13 12 12 14 11 13 12 12 12 15 11 13 10 12 11 10 13 10 10 13 10 10 11 10 11 13 11 10 12 14 10 15 13 14 13 13 12 14 13 13 11 13 10 14 14 10 13 15 14 13 13 12 11 15 13 12 10 15 12 12 13 13 13 13 12 14 15 12 12 15 15 15 12 15 10 15 11 15 10 14 12 10 12 14 11 12 10 11 12 10 12 12 11 13 13 12 13 12 15 10 11 10 12 15 12 13 14 14 14 13 14 13 11 14 15 13 15 12 12 13 10 13 15 14 11 10 13 12 14 13 10 15 13 10 14 15 13 15 15 13 15 15 11 10 11 13 10 15 11 10 12 12 15 12 10 13 14 10 12 15 15 14 12 15 13 11 11 13 15 11 10 11 15 11 11 13 10 11 13 12 11 13 13 12 14 12 12 15 12 10 12 15 11 12 10 14 10 10 13 12 15 10 15 10 10 11 12 10 15 11 12 10 13 13 13 10 15 14 12 15 11 12 13 15 12 10 11 12 14 12 14 11 15 14 14 15 14 14 15 15 12 11 13 12 10 11 13 12 14 11 10 14 12 11 13 13 12 13 15 14 13 13 12 10 15 12 13 15 10 11 15 13 11 12 12 13 12 14 13 13 13 12 10 12 11 11 13 14 10 12 15 15 14 10 13 14 14 14 12 14 10 14 11 12 13 11 12 11 11 15 12 14 14 14 12 15 10 13 13 13 15 13 10 13 15 15 11 15 15 11 13 10 10 13 13 10 11 13 10 15 12 13 15 13 10 14 14 13 13 15 15 12 12 11 10 13 14 11 15 15 10 10 14 14 15 15 10 15 13 11 15 11 10 15 14 13 11 10 10 12 13 15 14 15 14 13 14 13 11 14 12 10 11 10 15 15 14 10 14 11 11 10 11 11 11 14 12 15 15 11 15 15 13 13 13 12 10 12 10 11 11 15 10 12 14 14 14 11 13 11 15 12 10 13 13 11 15 10 10 12 10 12 12 14 15 13 12 15 11 11 14 13 12 11 10 11 13 15 12 11 10 10 13 10 12 12 15 11 15 14 10 15 15 12 10 11 11 14 12 11 12 11 10 15 14 11 11 15 10 10 10 15 11 15 11 15 11 14 15 11 11 14 13 10 15 12 15 12 15 13 15 11 10 15 11 14 13 14 13 13 11 11 15 11 12 13 15 12 13 10 13 11 13 14 14 12 15 15 14 13 12 12 12 11 11 14 11 12 15 14 15 11 11 11 15 15 10 11 15 15 15 11 14 14 15 15 15 15 14 12 11 10 14 10 12 10 11 15 12 12 15 10 13 12 15 15 14 11 10 11 10 11 12 14 14 10 14 12 14 13 11 14 14 15 15 15 15 12 12 12 13 13 12 14 10 13 14 12 15 13 14 13 15 15 12 14 11 15 13 13 10 12 13 14 11 14 14 13
1000
13 13 14 13 14 13 10 13 11 11 13 12 10 15 12 11 14 11 14 15 15 11 15 11 15 12 11 13 13 14 11 10 11 11 14 12 10 15 14 10 14 12 13 10 14 14 10 13 11 11 14 14 10 14 11 10 14 10 12 14 15 12 10 12 15 15 10 15 15 13 13 12 13 15 12 10 14 13 13 12 15 12 10 13 10 10 13 14 10 14 12 15 10 11 15 11 12 14 15 11 12 12 11 13 12 14 12 13 11 12 15 13 10 12 15 13 11 14 13 12 13 12 10 15 14 12 10 10 10 10 11 13 12 14 13 15 14 15 11 10 10 10 11 14 13 12 11 10 13 12 14 11 10 14 10 12 15 11 12 12 15 14 12 12 12 11 13 13 14 11 12 10 11 13 11 12 15 13 12 11 10 12 12 14 12 12 14 15 15 10 15 10 14 11 15 10 14 13 15 11 12 12 10 12 10 13 15 14 14 11 11 15 12 14 15 14 14 13 10 14 12 13 10 10 12 11 14 10 14 12 14 10 11 15 11 11 14 14 14 13 15 10 10 11 13 10 12 14 10 11 11 11 10 12 15 15 11 10 15 14 15 14 10 13 11 15 11 10 14 15 12 14 13 13 12 12 15 11 11 15 12 11 12 11 13 12 14 15 12 13 11 15 14 14 15 15 13 10 11 14 15 10 11 14 10 15 14 13 13 10 12 14 12 12 11 15 13 14 12 10 10 15 13 15 12 10 15 15 12 12 15 15 15 10 12 12 13 12 11 13 10 11 10 11 10 10 12 11 14 14 13 11 13 10 11 13 11 13 15 14 10 11 11 14 14 14 14 12 13 15 15 10 15 11 11 15 14 15 11 15 13 11 15 11 11 15 13 14 11 14 14 13 12 15 13 14 10 14 10 11 10 10 14 15 12 12 14 11 14 12 15 10 13 13 15 12 11 10 11 12 14 13 12 10 15 15 10 12 15 14 11 14 14 11 10 13 14 14 11 12 14 10 10 14 15 14 13 12 12 11 12 13 10 12 15 10 15 10 15 13 15 14 14 10 10 12 13 15 13 15 14 15 10 11 14 10 13 10 13 12 15 10 10 10 13 15 15 11 10 14 10 14 12 10 12 12 15 15 13 14 11 15 12 10 11 14 10 12 13 10 14 10 15 13 13 15 11 10 15 11 13 12 11 12 10 11 10 15 12 10 10 11 10 11 11 14 14 15 12 14 14 14 12 15 10 14 14 11 12 12 14 13 12 14 12 13 11 10 15 12 11 13 15 11 13 15 14 15 10 14 15 13 15 11 14 15 10 12 11 13 14 15 10 12 15 12 14 10 12 11 13 12 15 11 15 11 14 12 15 10 13 13 12 14 14 13 10 10 10 13 13 14 12 15 11 12 12 10 13 12 12 15 10 14 15 12 12 12 13 13 14 11 11 10 12 11 10 15 14 12 15 12 12 11 15 14 13 13 12 10 11 10 14 10 10 12 13 13 10 14 15 14 12 11 11 13 11 14 14 13 15 15 15 12 12 11 14 10 13 14 11 12 13 11 14 14 10 11 10 13 12 10 13 13 15 13 12 10 15 14 14 13 11 14 11 15 12 11 11 15 15 13 14 11 12 10 12 11 12 10 14 14 12 11 11 14 13 10 11 12 14 15 11 10 11 10 10 15 12 14 10 13 13 15 12 13 14 10 11 15 10 14 10 14 10 14 12 11 15 15 10 11 11 10 14 11 13 14 10 10 11 12 14 12 10 10 14 15 11 10 12 12 10 12 11 11 13 12 13 15 15 10 11 13 15 10 11 12 13 10 10 14 15 12 14 14 13 12 10 12 12 11 10 11 12 13 13 15 13 11 14 11 13 14 10 12 11 12 11 10 10 11 11 10 12 13 11 11 10 13 10 10 13 11 11 14 11 10 12 11 14 14 11 15 12 11 13 12 13 11 11 15 12 12 13 14 13 12 11 12 11 13 10 15 14 13 15 10 12 11 15 13 13 13 15 14 10 15 14 11 14 14 13 13 15 12 12 13 10 10 12 15 11 11 14 11 15 12 14 14 12 15 11 11 10 13 11 10 12 13 10 11 14 14 11 10 11 10 11 13 13 10 10 10 12 10 14 12 13 11 12 12 13 15 15 11 12 12 10 15 10 10 10 15 15 13 10 14 13 12 14 15 11 11 11 15 12 10 11 11 15 11 13 14 13 12 12 13 11 15 15 13 12 13 11 10 10 12 11 11 14 11 13 13 10 11 15 14 11 14
1000
12 12 13 13 13 15 11 11 12 13 15 13 12 12 11 15 11 12 13 14 15 11 10 13 14 10 10 13 15 10 14 12 12 11 11 14 12 10 11 11 13 15 11 11 15 11 13 12 13 14 12 12 10 10 11 11 12 10 12 13 14 12 11 12 15 14 13 14 10 15 15 13 12 13 13 10 11 10 15 10 14 14 11 13 12 10 14 13 11 12 15 13 15 14 14 12 11 15 10 10 14 11 12 14 10 15 12 14 15 10 11 13 12 14 15 14 11 10 13 14 14 10 15 10 14 13 11 14 13 10 14 15 13 10 12 12 12 10 10 14 15 12 11 14 13 12 15 14 12 14 14 11 12 11 12 13 12 11 10 15 14 11 15 10 14 14 12 12 12 10 15 12 12 10 10 13 14 10 15 15 11 12 12 12 15 15 12 12 13 12 10 11 15 14 14 12 15 13 14 14 12 15 12 11 11 10 12 12 10 15 15 10 14 12 11 13 10 14 15 11 10 10 12 12 13 13 14 12 14 15 14 12 10 11 13 15 14 10 11 11 11 13 11 13 14 12 15 15 10 14 13 15 12 13 15 12 12 15 13 15 10 14 15 13 12 14 14 14 10 14 10 15 14 11 14 12 13 11 15 10 15 13 12 10 11 13 13 10 10 12 13 14 12 10 15 10 14 12 11 12 12 13 15 14 12 10 13 14 14 14 14 15 10 13 15 11 12 15 10 13 14 11 11 10 15 10 12 15 14 11 13 12 12 14 10 13 14 14 14 14 12 15 14 11 14 12 13 10 15 15 15 14 13 15 11 11 13 14 11 15 12 12 11 14 13 11 12 12 10 15 13 15 15 13 11 13 11 15 15 13 13 12 12 10 15 14 15 12 12 11 12 14 12 15 11 14 14 11 12 14 14 15 14 12 12 10 11 12 14 14 13 12 13 11 11 11 13 10 13 10 12 10 11 15 11 10 11 13 11 12 12 10 13 10 14 11 12 12 12 11 14 13 12 11 13 14 13 11 10 14 12 12 11 13 13 14 10 15 10 11 14 14 10 13 10 15 11 12 14 13 13 13 11 12 14 15 10 15 14 11 12 14 13 13 13 14 15 10 12 14 10 11 10 15 10 12 14 13 13 11 14 11 11 11 11 11 15 11 11 15 15 11 11 15 10 10 10 13 13 10 15 11 13 14 14 13 14 12 11 14 15 15 14 12 12 15 13 14 14 10 14 15 12 10 14 11 11 10 12 12 13 15 15 14 12 13 15 11 12 10 12 13 11 13 15 10 14 14 10 13 15 10 10 15 13 15 14 11 14 15 11 10 15 12 13 11 11 15 15 13 10 12 12 12 14 12 12 10 13 15 10 12 12 14 14 10 11 11 14 15 10 14 14 15 15 11 14 14 12 14 14 12 11 13 15 15 13 15 13 12 14 13 14 10 13 13 14 10 12 13 11 15 11 12 14 15 11 15 12 10 10 11 10 13 10 14 15 12 13 12 15 13 14 13 11 11 11 10 14 13 12 13 15 15 15 14 10 10 15 12 14 13 11 15 13 14 14 12 11 14 14 13 13 12 15 10 14 15 11 10 13 13 14 10 10 10 13 15 14 12 14 11 13 11 13 15 13 13 15 12 10 13 14 13 11 12 15 15 13 14 11 15 12 14 13 10 13 12 12 12 14 15 13 12 11 14 13 11 12 12 11 15 10 12 15 12 10 10 12 12 12 10 13 10 12 12 11 14 13 12 14 10 15 11 11 14 15 10 12 15 14 15 13 10 14 11 12 15 15 14 13 14 11 11 15 11 14 15 10 14 10 15 13 10 10 12 12 10 10 13 12 13 13 15 10 14 11 11 12 15 14 15 10 11 10 15 12 12 14 15 14 15 11 15 14 11 14 10 13 10 12 15 15 11 12 15 13 10 15 10 12 13 10 10 13 12 13 13 14 14 12 11 13 10 11 12 13 11 11 12 10 15 12 11 10 10 14 11 12 12 15 14 12 10 10 15 13 13 13 12 11 11 15 13 12 11 10 10 14 13 12 14 13 15 13 13 15 14 12 10 13 11 14 15 11 11 14 11 11 10 13 12 14 13 12 12 10 11 11 11 15 14 12 13 15 11 15 13 14 14 12 12 10 12 14 11 13 13 10 10 11 15 10 12 10 12 11 15 13 10 13 15 13 15 13 14 12 13 10 14 13 14 10 11 15 10 10 11 14 10 11 10 11 13 12 10 13 15 11 10 15 15 12 14 13 11 10 12 10 10
1000
13 10 15 10 11 11 14 10 14 13 12 10 12 13 13 12 14 13 13 12 10 12 13 10 12 10 12 11 11 13 10 13 10 10 13 13 13 14 12 14 12 14 14 15 11 13 15 11 13 13 13 15 11 15 13 11 11 13 12 13 12 10 12 15 13 11 15 12 14 12 15 13 11 12 11 11 13 12 14 12 11 10 13 13 15 12 11 10 14 11 15 14 14 10 11 10 10 11 13 15 14 10 13 10 11 14 12 11 12 13 13 12 14 10 14 13 15 10 11 13 13 11 10 14 12 13 13 10 13 10 11 12 12 14 14 14 14 12 11 10 11 14 13 12 11 13 13 13 15 14 11 11 15 11 13 12 10 11 12 10 11 12 12 14 11 11 11 12 15 14 14 15 10 11 12 10 11 15 11 13 10 12 10 11 11 11 15 12 12 14 13 15 11 12 11 13 13 15 14 10 11 12 10 14 10 14 14 15 12 10 13 15 11 10 10 14 10 11 10 14 11 14 15 14 12 14 11 10 15 14 11 11 13 14 15 15 14 15 15 11 15 13 14 15 10 14 12 13 10 13 12 11 10 13 12 14 10 15 11 15 14 13 13 15 10 10 13 11 12 10 14 15 11 12 15 10 14 12 11 13 13 13 12 14 10 13 10 11 12 13 12 14 10 10 15 13 12 10 13 10 14 15 14 11 12 13 15 15 12 13 10 13 14 13 10 11 11 11 13 11 10 15 13 14 12 14 13 15 15 14 11 13 11 11 13 13 10 12 14 10 14 13 11 11 14 10 10 10 13 13 14 14 13 11 11 14 14 10 13 12 12 13 10 15 15 14 15 15 12 11 12 14 14 14 10 10 10 12 11 14 14 14 13 11 14 12 11 10 11 14 15 15 12 11 14 11 10 10 10 14 11 10 15 15 11 14 13 10 10 14 12 13 12 13 14 14 13 14 13 14 14 15 15 14 15 15 11 12 14 13 13 14 12 13 10 15 14 11 13 10 10 15 10 12 13 12 10 15 11 10 15 15 13 12 14 11 12 12 14 10 10 13 12 14 10 13 12 12 10 11 13 12 14 13 12 12 11 13 14 12 12 10 11 15 11 12 15 11 14 14 15 10 12 10 13 13 13 14 13 14 12 12 14 11 12 14 13 12 14 11 14 12 13 15 12 13 15 12 10 12 11 11 15 10 15 12 15 15 11 11 13 12 14 14 14 12 10 15 14 11 12 13 14 13 13 11 15 10 13 14 11 15 10 14 12 11 12 11 15 12 15 15 10 10 10 13 10 15 11 15 12 10 13 11 13 14 12 15 15 11 12 15 11 11 14 15 12 13 10 14 11 11 10 10 11 11 13 14 12 11 10 12 14 12 15 14 11 11 13 12 13 15 11 15 10 11 11 13 10 11 11 13 11 13 12 10 13 12 10 11 12 12 10 15 12 13 10 10 12 13 11 13 14 11 14 10 12 14 14 14 12 14 13 14 15 12 10 15 11 13 11 13 11 15 15 14 12 10 11 15 14 11 10 13 13 14 15 10 10 15 15 11 12 13 10 13 11 10 14 15 14 14 15 13 13 10 12 15 14 12 13 11 12 14 15 14 11 10 11 13 14 15 15 10 13 11 12 12 13 14 11 13 13 11 13 14 12 14 15 14 11 12 12 14 13 13 13 13 13 14 13 15 14 15 13 15 10 10 15 11 15 12 14 11 13 12 11 13 10 10 11 13 12 15 14 14 11 13 10 12 11 13 12 14 11 11 13 10 14 11 11 10 13 13 13 11 13 12 14 12 12 15 13 10 11 10 11 13 12 13 13 13 15 14 12 14 15 12 10 15 11 15 12 10 15 10 15 15 14 10 11 14 13 14 11 13 12 12 12 10 10 11 12 10 10 12 13 11 15 11 10 13 13 13 12 13 15 12 11 13 10 10 14 13 15 13 10 11 11 14 11 15 14 14 14 11 12 14 13 12 13 15 14 10 10 12 14 12 10 12 14 13 11 15 13 14 12 11 12 14 15 15 14 14 14 11 10 12 11 15 11 15 11 11 15 15 14 13 15 15 13 14 12 11 11 13 11 13 10 14 14 15 12 15 12 13 14 11 12 11 12 11 13 12 14 14 14 15 10 15 12 13 10 13 15 13 15 12 13 13 10 13 15 11 10 11 12 14 15 15 13 10 15 13 11 11 12 15 11 10 11 11 11 12 13 13 14 15 12 14 12 14 11 14 11 12 14 10 12 13 14 10 15 13 11 15 11 10 10 14
1000
12 10 14 15 13 10 12 15 12 15 12 14 15 12 13 15 10 14 12 12 14 12 13 15 14 13 11 10 12 10 15 15 12 14 14 12 11 12 13 11 12 10 12 14 11 13 12 12 11 11 12 11 14 12 15 11 14 12 10 13 15 13 11 10 10 14 15 13 13 10 12 11 15 13 11 11 15 13 14 14 11 10 14 15 10 11 12 14 14 13 15 14 14 12 15 15 11 10 12 13 14 14 11 14 15 12 14 14 15 14 13 14 15 15 12 14 11 14 10 10 13 10 14 12 14 12 13 14 15 12 14 12 12 12 10 11 13 11 11 12 12 15 15 14 15 14 13 10 12 11 15 12 15 11 15 10 13 15 13 13 10 10 13 13 12 13 12 15 14 14 12 12 13 14 13 13 10 13 11 15 12 11 10 13 13 13 10 13 14 14 15 12 11 14 11 13 13 13 11 13 12 10 12 13 12 13 10 10 13 12 10 10 13 11 10 12 10 12 10 14 12 15 15 12 11 10 11 13 11 10 12 15 12 13 10 11 14 14 13 10 12 11 15 13 11 15 15 14 13 14 14 10 15 13 14 15 15 10 13 10 13 10 13 14 13 15 14 15 10 13 13 10 11 14 12 13 10 15 11 13 10 13 10 10 12 12 15 14 10 12 15 13 14 13 10 15 11 12 14 10 12 14 15 15 12 10 14 12 10 13 10 13 15 11 12 11 14 15 11 14 10 15 12 15 14 15 12 15 11 10 14 15 11 15 12 12 14 13 15 15 11 11 13 13 14 10 14 13 13 14 10 11 13 13 12 11 10 14 15 11 10 13 10 15 10 11 15 13 13 10 11 15 13 12 10 15 13 10 13 13 13 12 12 13 12 12 11 10 13 13 15 14 14 13 15 13 15 11 13 11 13 12 13 15 14 14 11 10 14 12 10 14 10 11 12 11 10 12 12 12 15 14 13 13 10 11 14 14 15 11 14 10 13 15 15 14 12 15 15 13 10 13 13 15 15 10 12 10 15 15 14 10 13 12 12 12 11 15 13 10 11 12 12 11 10 15 11 13 10 12 15 15 10 15 14 13 10 11 12 14 10 11 13 15 11 10 13 14 15 11 14 12 15 14 11 14 14 13 14 11 13 11 13 11 15 13 13 13 11 12 11 13 10 12 15 10 14 14 15 14 10 15 15 15 15 11 12 14 11 12 12 12 11 15 13 15 15 15 14 12 13 13 11 14 15 13 14 12 13 12 15 11 11 13 11 14 14 13 10 12 14 10 15 11 15 11 10 12 14 15 12 14 15 14 11 13 13 10 10 14 10 15 10 14 11 13 13 12 13 12 13 12 15 14 12 13 12 11 14 12 13 11 10 14 13 12 15 11 15 11 10 11 14 14 13 14 11 13 15 14 11 13 15 15 10 10 12 13 10 10 15 14 15 12 12 14 15 12 11 13 10 13 13 15 10 11 13 10 12 13 11 11 12 14 10 13 13 14 15 14 12 12 15 12 11 10 12 13 14 14 14 14 13 14 13 11 12 13 12 11 14 15 11 11 12 14 11 13 11 10 13 15 10 10 13 15 11 14 15 13 10 13 14 11 13 12 10 14 12 14 12 14 11 10 10 15 11 10 13 11 11 14 14 13 11 12 14 14 13 11 11 14 15 13 15 14 12 13 13 11 15 12 13 15 10 10 12 11 11 14 12 14 15 10 14 14 14 10 10 10 13 15 14 12 13 12 14 14 10 10 10 13 12 15 12 15 14 10 11 10 12 14 10 13 15 12 11 15 15 10 11 14 15 12 11 14 11 14 14 13 12 13 13 13 14 15 15 15 11 11 10 14 14 14 13 11 15 15 11 10 15 12 13 14 11 14 14 10 13 15 11 11 13 14 15 12 12 12 14 12 10 12 14 10 11 10 13 11 10 13 10 14 11 14 13 11 11 11 12 13 14 11 11 11 13 12 12 11 14 10 10 15 14 14 15 11 11 13 15 13 10 14 10 13 15 10 15 10 13 13 11 10 11 15 12 13 15 13 12 13 10 11 10 15 13 15 11 11 15 14 10 10 13 14 13 10 14 15 15 12 11 14 15 15 13 15 10 13 10 15 12 10 11 12 12 15 11 12 13 11 14 11 10 15 12 13 10 14 13 15 12 15 15 13 13 14 10 10 14 13 12 12 13 11 14 15 14 13 13 11 13 11 11 11 15 15 10 13 12 15 12 12 11 11 11 14 15 12 10 13 15 14 12 12 15 15 11 12 13 12
1000
11 15 15 12 10 14 10 15 11 12 11 12 13 10 14 14 11 13 11 12 11 12 13 12 11 10 12 13 13 13 13 13 13 14 11 14 10 14 15 12 15 13 13 11 11 11 13 14 12 10 14 14 11 13 10 10 13 11 12 10 13 12 14 13 15 13 12 10 13 13 14 15 11 11 11 15 13 13 12 12 13 11 12 12 10 14 14 10 13 15 15 13 13 13 13 11 10 13 12 13 13 11 12 11 15 10 13 12 14 14 15 10 12 10 13 11 12 13 10 15 10 15 14 11 14 14 14 12 10 12 13 12 14 15 11 11 11 13 15 13 14 12 12 13 13 11 10 13 11 15 13 10 10 15 10 10 15 12 15 15 12 15 15 12 15 13 11 13 15 12 12 13 11 10 11 10 12 10 13 15 11 10 13 14 13 11 11 15 10 11 13 15 15 10 12 11 12 10 13 10 10 11 12 14 13 14 12 14 12 12 13 12 15 12 10 10 14 15 15 13 11 11 14 11 10 10 13 14 13 15 12 12 15 10 11 11 15 13 15 12 13 13 14 15 12 10 14 14 10 15 11 11 15 13 15 15 15 15 15 15 11 10 10 11 10 13 12 10 13 12 14 11 11 12 12 11 13 12 12 13 10 14 13 12 15 11 14 12 10 14 13 10 11 15 13 14 11 11 15 12 15 13 15 10 15 10 12 10 12 14 14 13 10 14 15 15 12 15 15 15 11 10 11 10 11 10 13 14 10 14 15 13 13 12 14 12 14 13 12 15 13 14 12 15 14 14 14 15 15 15 11 11 10 14 13 14 14 15 11 15 12 13 10 12 14 14 12 11 14 15 13 12 11 13 13 15 14 11 14 11 10 10 10 13 11 13 10 11 11 13 11 11 11 15 14 12 12 10 10 14 14 13 13 14 11 15 11 10 13 15 13 10 13 10 10 15 10 15 10 12 14 11 15 15 11 10 10 14 11 12 11 15 10 13 10 15 12 12 15 11 13 13 12 12 13 10 10 14 15 13 13 13 11 13 10 11 13 12 14 13 13 11 15 12 11 14 13 10 12 11 12 14 10 10 10 10 13 10 12 14 10 11 14 12 11 14 12 14 13 11 10 14 15 11 12 14 12 12 10 14 15 10 11 14 14 11 15 11 11 13 14 12 12 14 11 15 15 12 14 13 14 13 13 14 12 12 13 14 15 14 15 11 13 11 12 11 12 15 15 14 10 10 15 10 12 10 15 13 14 15 14 11 11 15 11 13 11 10 12 10 15 14 13 12 12 14 13 14 12 14 14 10 13 13 12 13 11 12 14 10 13 11 14 11 12 11 14 14 14 13 15 11 15 10 13 15 10 13 14 13 12 11 14 10 14 14 11 14 13 14 12 14 10 14 11 10 14 10 15 14 13 15 11 11 14 12 12 15 14 11 13 15 10 12 10 11 14 12 14 12 14 15 10 13 15 13 15 15 12 10 11 12 15 15 13 13 12 10 12 14 11 15 10 15 13 13 11 11 10 15 13 14 13 15 14 14 11 12 13 14 13 14 12 13 15 11 13 13 11 15 13 11 10 15 15 10 14 14 15 11 12 10 14 14 15 15 11 11 15 10 15 14 13 14 12 10 15 12 13 14 12 15 13 13 15 12 13 15 12 15 10 11 10 13 15 15 14 15 11 13 15 14 13 12 12 14 11 14 14 15 15 13 10 11 12 15 15 10 15 11 13 10 13 13 11 11 10 13 13 14 12 12 12 12 10 15 15 15 13 13 15 14 11 14 15 10 13 10 14 13 11 11 15 11 14 14 10 12 12 11 11 12 15 11 13 12 14 12 11 13 12 10 12 11 12 14 14 14 12 15 13 11 11 11 11 14 15 13 12 14 12 15 14 11 12 15 14 12 13 12 11 13 12 15 12 14 13 15 14 15 15 15 13 12 14 14 12 14 15 12 14 12 15 14 11 13 15 13 14 14 12 14 15 13 15 11 14 15 12 10 15 14 14 10 14 14 14 13 12 11 10 13 10 12 15 11 13 14 15 14 10 15 15 10 13 12 15 14 10 15 13 13 10 14 10 15 15 14 13 11 10 11 14 15 14 15 13 10 10 11 14 15 10 12 14 11 15 14 10 15 11 14 15 15 12 13 11 15 12 10 12 13 13 12 12 12 15 13 13 12 13 14 14 11 11 13 12 13 13 13 13 13 12 13 10 15 13 14 15 15 14 13 13 12 15 14 11 11 14 13 11 11 11 14 12 12 10 15 13 11
1000
11 14 11 14 15 12 14 10 13 11 15 14 10 14 14 15 13 15 11 11 11 11 10 14 10 15 14 13 11 14 10 13 15 12 10 13 12 10 14 11 13 10 14 11 14 13 14 14 12 13 10 11 15 11 10 13 14 12 15 10 14 14 15 13 13 13 14 14 12 13 10 15 14 11 12 15 13 10 11 14 14 13 14 10 11 11 13 13 10 11 13 13 14 13 14 11 15 12 12 14 12 13 12 13 13 14 15 14 12 11 12 12 10 11 15 11 13 13 11 11 13 10 12 15 12 11 10 12 10 13 10 13 13 13 11 11 11 15 14 15 15 12 13 11 13 11 10 11 14 12 11 10 14 14 13 11 11 15 13 14 11 15 12 10 10 15 13 10 12 10 11 10 13 12 12 12 15 14 14 10 13 15 12 15 10 15 10 15 13 11 14 15 11 10 10 10 11 12 15 11 10 13 10 11 11 13 10 10 14 12 11 13 12 14 14 10 13 10 15 15 10 10 15 14 14 11 15 11 12 11 11 13 14 12 15 11 11 15 13 14 11 15 13 14 10 12 13 14 11 11 13 12 10 13 10 11 14 15 10 13 14 12 11 15 11 14 13 11 15 12 11 11 13 15 11 13 13 15 13 15 13 13 13 12 13 14 14 11 12 10 15 13 14 12 12 10 11 13 13 15 12 12 13 12 15 13 15 13 14 11 13 12 14 10 12 14 15 15 15 15 13 15 14 15 14 10 14 11 13 15 13 13 15 15 14 13 11 13 13 15 10 10 14 15 10 14 11 11 10 10 11 13 12 12 13 12 13 13 10 10 10 12 13 12 13 15 11 11 13 13 14 11 15 12 13 13 14 13 15 10 10 15 15 15 13 10 13 13 10 12 14 12 14 14 11 14 13 10 14 11 11 12 10 13 12 12 11 15 11 15 11 10 13 13 15 10 12 15 11 13 15 15 10 15 10 12 12 12 11 14 11 12 15 14 11 14 15 12 13 15 15 11 10 10 10 11 13 12 11 13 13 13 14 11 15 11 11 15 13 15 15 13 12 11 15 13 12 12 15 11 12 12 11 12 15 11 14 15 12 14 14 14 15 14 12 12 11 15 11 15 15 12 12 14 15 15 15 15 11 12 11 15 11 14 11 14 10 15 14 14 15 15 13 12 11 15 14 12 10 10 15 15 13 14 15 11 13 11 15 10 11 15 13 15 11 12 14 14 11 13 12 14 14 12 14 11 12 15 11 15 13 13 15 13 12 10 14 10 12 15 11 11 14 10 14 15 10 14 13 10 14 14 13 13 15 12 11 15 14 14 10 15 10 13 12 11 15 13 14 15 10 10 15 15 12 10 11 15 14 11 12 12 14 11 11 15 10 10 14 11 15 11 15 12 15 14 15 11 13 14 10 14 15 12 15 12 14 14 10 12 12 14 12 10 14 11 10 14 13 11 12 13 12 13 12 14 11 11 14 15 13 15 14 14 14 11 13 13 14 13 14 13 12 10 12 14 14 11 10 11 11 12 12 13 10 13 12 11 10 15 14 13 13 15 15 10 10 14 12 10 15 13 12 12 12 14 12 13 10 12 12 14 13 15 11 15 11 10 14 13 11 14 15 10 13 12 14 12 10 12 15 15 11 11 10 14 13 10 12 15 14 11 14 10 11 11 13 15 13 13 11 15 10 14 12 10 14 12 11 11 11 15 10 12 12 11 15 15 11 15 14 11 15 10 10 12 13 10 10 11 10 13 13 15 15 12 14 12 12 10 12 13 14 11 10 13 13 15 13 15 15 15 14 14 15 12 15 14 14 10 15 11 14 11 14 11 15 15 14 13 11 13 10 12 12 15 14 11 14 10 11 10 15 10 13 10 14 13 12 14 14 13 13 11 13 11 14 11 14 15 14 11 14 15 10 14 14 15 12 14 15 15 12 14 13 13 12 11 11 13 11 12 11 13 11 11 11 12 11 13 12 14 14 10 13 15 11 15 13 10 11 15 15 10 10 11 14 15 14 15 13 11 13 14 10 15 11 10 12 10 13 14 12 15 12 10 11 15 14 15 13 13 13 12 10 11 12 11 14 13 10 14 10 12 13 15 14 10 15 14 14 15 11 13 15 12 12 11 14 11 15 15 10 11 15 12 12 15 14 11 13 14 12 11 12 10 15 10 12 11 11 13 11 14 14 12 13 14 10 10 10 14 14 11 15 15 14 15 10 10 13 15 14 14 14 15 11 12 13 15 10 12 11 11 10 14 13 12 10 10
1000
13 15 10 15 10 10 14 14 12 13 14 11 12 12 13 15 14 10 14 12 10 11 12 10 11 10 12 13 12 13 10 11 14 15 10 13 10 11 11 15 14 15 13 15 15 13 14 12 13 11 12 13 15 12 10 10 11 15 13 10 10 11 15 10 12 14 14 11 14 12 13 10 15 12 11 13 13 14 12 15 10 12 10 11 11 10 14 15 15 13 15 13 13 10 12 15 11 15 15 13 15 15 10 12 13 14 14 12 13 11 12 13 14 13 13 13 11 15 12 12 15 12 13 11 13 14 14 15 11 10 13 11 10 11 13 15 15 12 13 15 11 12 12 11 13 10 11 12 11 15 12 15 10 11 11 10 10 13 15 14 13 10 12 12 11 13 12 13 13 14 12 15 14 11 12 14 13 15 12 11 15 13 10 14 13 14 13 13 11 11 13 15 10 11 13 10 11 13 15 11 10 14 10 14 15 13 12 15 11 11 10 15 12 13 10 12 13 11 15 15 10 15 13 10 13 14 14 10 14 14 11 12 15 12 11 11 12 12 14 14 14 14 13 10 15 12 14 15 14 14 14 14 11 15 11 10 14 11 12 11 15 10 10 10 14 10 11 12 14 14 12 12 14 13 10 13 14 13 10 14 12 13 11 12 15 13 13 14 13 11 11 14 13 13 15 15 10 12 11 13 13 13 14 10 10 15 10 12 10 12 14 10 14 10 12 14 13 11 10 11 14 12 13 14 12 13 14 14 11 10 13 13 10 11 14 15 15 12 10 15 14 15 13 10 15 13 13 14 13 13 12 14 15 14 15 15 15 14 15 15 14 12 15 11 10 14 12 11 10 10 14 15 14 14 10 15 14 11 12 11 12 15 15 13 10 15 13 14 15 10 15 15 12 15 14 15 13 10 12 14 11 13 10 15 15 13 13 10 11 12 14 10 13 15 14 15 15 13 10 15 10 15 10 14 14 13 12 15 14 15 15 14 12 13 11 14 12 11 12 13 14 11 10 12 12 12 10 13 12 14 12 13 14 13 12 14 10 12 11 12 13 13 10 13 12 15 11 13 11 10 12 11 11 15 10 12 11 15 12 10 11 12 15 12 15 15 15 11 10 12 14 14 13 13 13 10 12 12 14 12 11 13 13 10 12 10 10 15 11 12 15 10 13 12 10 11 10 13 14 11 14 11 11 12 11 11 10 14 15 12 13 11 12 10 13 12 11 10 14 10 14 14 14 15 15 14 13 15 13 12 12 13 12 13 13 13 12 13 10 15 11 12 12 11 11 14 10 14 14 12 15 10 14 15 14 13 10 14 14 15 12 11 15 12 14 14 12 12 14 13 11 14 13 12 10 12 13 15 15 15 13 13 13 15 15 15 14 14 10 12 10 14 12 10 13 10 15 15 14 12 13 13 13 15 11 12 13 15 10 15 15 14 12 11 12 12 10 10 11 15 14 10 12 12 11 15 10 14 12 10 12 14 12 11 14 12 12 12 15 13 11 15 14 10 12 11 15 14 13 12 15 10 14 14 11 10 12 15 11 10 10 10 14 13 14 11 15 15 11 10 15 12 14 13 10 15 12 11 13 14 15 12 14 12 12 14 13 11 12 12 15 14 15 15 11 13 12 10 11 12 10 15 11 12 12 12 15 15 11 11 14 13 13 10 10 10 14 10 12 10 15 13 10 14 14 10 13 13 10 12 12 14 14 13 14 14 12 12 14 14 13 13 10 10 14 15 10 15 15 15 12 10 10 10 14 10 11 10 10 13 13 10 14 15 13 13 14 10 11 14 11 11 12 13 13 14 10 12 11 10 11 11 11 14 14 14 15 15 12 13 15 13 10 10 11 14 12 10 15 15 13 12 14 12 15 15 15 12 13 11 13 10 12 11 11 15 14 11 12 13 13 12 10 10 13 15 10 12 14 12 14 12 14 12 12 11 15 13 14 11 11 12 10 10 13 12 14 12 10 13 11 12 13 11 13 11 12 14 12 15 13 15 11 15 12 10 12 14 11 10 10 15 12 13 10 13 15 11 10 12 10 10 12 12 10 14 15 10 12 15 15 15 14 11 10 14 13 14 14 14 13 12 11 13 14 14 10 15 10 13 11 13 13 13 14 10 14 14 10 15 14 13 15 12 10 10 10 11 15 11 10 15 15 11 15 14 10 14 14 13 15 12 13 10 14 12 12 13 12 11 14 15 12 12 10 12 13 14 11 12 11 15 11 10 15 11 14 13 11 11 12 13 10 11 10 10 12 10 10 14
1000
14 15 12 13 15 10 15 13 15 11 13 15 14 11 15 15 11 12 11 13 14 15 15 13 14 14 13 13 12 14 13 13 11 13 11 11 10 13 14 13 15 14 14 14 14 14 13 15 13 11 12 10 10 13 13 12 13 12 12 13 13 15 12 15 14 15 14 10 12 10 15 12 11 12 12 15 15 11 12 15 15 13 12 12 11 12 15 14 14 14 14 12 14 11 11 15 12 15 10 15 13 11 14 15 13 13 11 11 14 14 11 12 14 13 15 15 14 14 13 14 13 14 13 13 13 10 12 12 14 15 14 14 11 12 11 14 11 14 13 13 11 13 14 11 12 15 13 11 11 15 14 11 15 13 12 11 12 10 14 10 15 13 15 14 11 14 14 10 11 11 15 14 11 15 15 15 11 12 15 10 14 14 12 12 15 11 10 11 10 10 14 14 13 15 15 15 10 14 11 12 12 10 12 12 11 10 12 15 12 12 13 15 10 15 12 15 10 11 15 10 14 10 14 14 12 10 12 12 15 14 14 15 15 13 12 12 13 15 15 15 14 14 14 14 14 13 14 11 14 13 11 15 10 11 12 15 13 14 12 10 14 11 14 10 11 14 15 14 15 14 14 14 15 14 10 12 14 15 14 13 11 15 14 11 13 14 10 14 15 10 15 12 10 13 10 10 12 11 12 12 10 12 11 10 12 11 15 11 15 13 11 10 12 12 10 12 10 13 14 11 14 15 14 15 15 12 12 14 14 10 11 15 11 15 13 12 12 13 12 10 10 15 11 11 14 10 15 13 11 14 15 15 15 13 15 14 10 14 10 12 10 15 12 14 13 15 15 12 15 10 13 14 15 11 10 11 12 14 11 14 13 13 14 12 11 14 12 10 10 11 13 13 11 15 14 11 13 11 10 13 14 10 10 10 11 15 13 13 14 10 14 14 13 10 11 11 14 13 13 11 15 13 11 12 11 14 11 10 15 11 12 10 14 13 14 11 11 10 14 15 14 11 14 13 13 12 10 10 15 11 15 12 14 15 12 10 13 14 11 14 11 10 14 13 13 12 15 10 11 11 15 14 12 13 13 12 10 15 14 12 11 10 10 10 15 15 15 14 12 11 15 13 12 12 12 11 10 11 11 12 10 12 13 12 12 10 12 12 15 14 13 12 12 11 14 12 15 12 12 15 12 11 10 14 13 10 14 12 14 11 11 11 15 12 10 12 10 11 14 15 12 11 11 15 10 10 12 15 13 13 11 12 10 14 10 14 10 12 15 15 15 10 11 12 10 11 15 10 10 13 15 10 15 11 15 10 10 11 15 14 11 12 13 13 15 10 13 10 12 10 13 10 15 11 12 15 13 15 14 10 10 14 11 11 13 10 15 12 15 14 15 12 12 15 12 13 11 14 15 11 14 14 14 12 15 12 14 10 11 14 15 14 14 11 11 13 15 10 15 14 14 15 12 15 15 12 15 13 13 10 14 14 14 12 14 12 14 11 15 12 15 14 13 13 15 14 13 10 14 14 14 10 10 12 13 14 10 11 14 12 12 12 15 14 15 11 12 11 13 11 12 14 12 12 10 15 12 12 11 15 15 12 14 11 11 11 10 11 14 13 13 15 10 15 11 15 12 10 11 14 11 12 11 10 10 10 15 14 12 13 15 13 14 13 12 10 13 14 11 12 14 12 15 13 11 13 14 12 15 15 15 15 14 11 12 10 11 15 14 15 11 12 14 14 15 12 10 12 11 13 10 14 12 10 14 13 12 10 12 11 13 15 14 11 14 12 12 11 11 10 11 10 11 10 13 14 11 11 12 10 12 11 10 12 14 13 10 10 14 12 10 10 10 12 10 12 10 12 14 11 12 13 11 10 13 15 10 10 13 13 15 11 14 14 10 12 15 13 14 15 10 10 12 12 13 10 14 13 11 13 15 11 10 10 12 14 12 10 11 12 11 15 11 12 14 10 12 10 10 14 13 14 12 12 10 14 15 15 11 10 13 13 12 14 15 11 14 12 15 15 12 15 12 14 11 13 15 11 10 11 12 10 10 14 14 10 13 14 12 13 14 10 13 12 10 13 11 12 10 12 10 13 12 14 13 11 15 13 11 15 10 13 10 15 11 14 12 11 15 10 15 13 14 14 10 12 12 11 10 12 14 15 11 10 10 10 14 14 15 12 15 11 15 13 12 15 12 13 10 11 12 13 14 15 10 12 10 12 15 15 13 10 14 15 10 10 10 14 13 14 14 12 12 10 12 10 14 12 15 10
1000
12 14 15 11 14 14 11 15 10 11 12 10 11 10 13 11 11 13 14 11 11 15 14 12 14 14 14 13 11 11 14 10 14 14 10 15 14 14 14 13 14 13 15 14 13 13 14 10 14 11 14 10 13 13 13 11 14 14 14 15 10 12 10 14 10 11 10 12 12 12 12 13 15 11 14 10 13 13 13 15 13 14 11 12 12 10 14 10 14 10 13 13 15 11 15 14 12 10 15 15 15 14 15 11 10 11 13 11 10 14 10 13 10 12 13 15 15 10 15 10 15 10 14 10 11 10 13 13 10 10 15 15 12 14 13 10 13 11 11 14 12 10 11 11 15 12 10 14 10 13 12 13 14 14 10 11 11 15 12 11 14 13 13 15 15 15 11 15 11 15 15 12 11 11 12 12 13 10 15 14 11 11 14 14 11 14 12 14 13 15 15 10 14 10 15 14 11 14 13 11 15 15 15 14 15 10 14 13 11 12 15 10 13 10 13 14 11 10 10 14 14 13 13 11 11 11 12 12 15 11 11 13 11 14 11 11 13 11 14 14 10 14 14 11 13 10 12 11 14 15 14 11 15 13 11 15 10 14 12 10 11 11 10 15 11 12 13 10 13 13 10 10 14 12 14 10 14 14 15 13 13 11 15 13 10 14 14 12 15 15 11 12 14 14 12 12 15 14 14 13 15 11 14 13 11 14 15 14 14 10 14 15 13 11 13 11 13 10 13 14 15 12 14 10 12 14 12 12 13 13 12 11 12 13 15 13 14 12 13 12 11 14 12 14 13 14 12 10 13 11 13 10 11 14 11 13 12 11 10 15 14 15 11 14 15 11 13 10 10 12 12 12 15 12 11 10 11 14 13 10 15 11 13 14 13 13 12 14 15 13 10 12 13 12 12 10 12 13 10 10 10 10 10 13 14 14 11 15 11 11 10 12 14 14 12 11 10 12 10 11 11 14 11 12 11 10 10 12 10 13 11 12 12 15 11 11 14 13 13 14 13 13 10 12 15 10 10 10 12 11 11 12 11 12 11 10 11 11 11 13 14 14 15 13 12 15 13 12 14 12 14 13 13 12 13 12 14 12 11 10 14 13 15 14 11 10 10 13 11 10 13 15 10 13 15 12 14 10 10 13 15 15 12 15 15 13 11 13 11 12 12 12 15 10 13 15 10 14 13 15 11 10 10 11 12 12 13 15 10 12 11 11 10 11 13 13 12 10 15 10 11 13 13 15 15 12 15 12 13 13 12 12 15 11 13 13 11 10 11 15 10 11 11 14 13 10 13 12 11 10 13 14 13 14 10 10 13 10 14 10 10 12 15 11 12 14 15 12 14 13 15 11 14 14 12 11 15 14 10 11 11 13 15 14 11 15 12 13 12 13 14 10 12 15 11 10 11 15 15 12 10 13 15 14 10 12 14 12 10 11 11 10 12 10 12 14 10 12 13 15 12 11 11 15 12 12 11 14 13 12 14 14 14 14 13 11 14 15 14 12 12 11 11 12 14 11 10 14 15 10 10 14 12 15 12 10 14 11 11 10 10 15 14 11 10 14 15 14 15 14 14 11 13 14 14 11 12 11 11 15 14 10 13 12 12 13 13 10 15 14 13 13 14 12 13 10 12 12 13 13 14 13 12 14 14 12 14 14 15 10 12 15 12 12 12 12 13 11 13 11 14 12 11 12 14 14 11 12 15 10 15 11 10 12 12 14 13 14 10 13 10 15 15 13 11 11 12 13 12 11 14 14 11 11 15 11 11 13 12 15 10 15 13 12 11 13 15 15 10 14 12 15 13 10 13 10 12 15 13 13 15 13 10 13 11 15 13 13 11 12 11 14 15 12 13 11 15 12 10 13 12 12 12 11 10 12 12 13 12 10 10 10 13 11 12 12 10 14 11 11 13 10 13 15 11 13 15 13 15 13 11 15 12 10 15 10 11 11 10 15 11 12 15 13 12 11 10 10 15 14 15 14 14 13 15 10 15 14 12 11 10 10 10 13 10 10 11 13 10 13 12 10 10 13 14 14 11 13 12 14 15 11 11 10 15 13 15 10 13 11 13 10 13 12 11 12 13 12 10 12 11 12 10 11 10 15 10 12 15 14 13 10 12 15 15 15 12 10 13 14 10 14 14 11 14 13 13 11 12 10 15 12 14 12 15 10 13 12 15 15 11 10 13 14 11 14 14 15 11 14 12 13 11 14 13 10 15 10 11 13 11 15 15 14 11 11 11 10 11 12 13 11 11 13 14 15 14 14 13 14
1000
15 10 12 10 10 13 15 10 10 14 15 11 10 14 13 15 14 11 10 15 14 12 12 10 13 15 13 11 14 14 12 15 13 15 13 15 14 12 10 11 15 13 11 10 12 11 12 11 10 13 11 10 15 12 13 10 15 12 10 11 14 14 15 11 12 15 12 12 11 11 14 11 14 13 13 15 13 13 11 10 10 11 10 14 10 15 15 14 13 10 14 12 15 14 11 12 14 11 11 14 14 15 15 13 13 13 14 11 15 14 15 14 13 15 15 10 13 10 14 13 15 13 15 15 15 12 10 15 10 13 15 13 10 14 10 12 12 14 12 14 14 12 15 13 15 15 15 13 15 15 10 11 10 10 11 15 14 10 14 10 14 13 14 10 11 14 10 13 15 14 13 11 13 15 10 12 13 11 11 15 14 10 13 11 13 13 11 15 11 10 15 11 11 15 12 12 12 12 13 13 15 10 14 13 12 15 14 11 11 15 10 13 13 14 14 13 13 11 15 12 13 10 10 14 14 15 14 13 13 10 13 14 11 14 12 15 10 15 15 15 11 15 12 10 11 11 12 13 10 14 10 10 15 11 12 13 11 14 12 15 13 11 10 12 10 14 13 12 14 11 13 13 15 13 13 13 10 12 13 15 15 13 12 10 13 13 15 11 15 14 13 11 11 13 15 13 14 14 15 11 11 10 15 14 10 10 13 15 11 11 15 11 10 11 11 12 12 15 15 14 10 14 13 11 10 15 14 12 15 14 12 13 11 11 12 13 10 12 14 11 11 15 10 10 13 10 10 12 11 11 14 15 13 13 12 12 10 15 15 15 12 14 10 13 10 12 10 15 13 12 14 14 11 12 13 10 12 13 15 11 10 14 11 15 15 15 11 11 13 11 11 12 14 12 13 10 12 15 15 13 10 13 13 11 15 12 10 15 14 14 12 14 15 11 11 12 10 10 14 10 15 11 11 11 12 13 15 14 15 12 11 12 12 10 15 15 15 11 13 13 15 11 14 15 13 10 12 10 11 12 13 13 10 13 15 13 14 15 10 10 11 11 13 12 11 14 10 14 14 14 13 15 15 13 11 14 15 14 14 13 13 11 11 10 12 14 11 10 14 12 10 13 13 13 13 12 12 11 12 13 13 13 13 10 15 14 11 12 15 13 13 11 12 15 14 15 14 10 10 15 12 10 13 10 12 12 11 10 15 12 11 13 15 11 15 11 14 10 11 11 12 13 15 11 13 14 10 11 15 14 10 14 10 15 10 10 15 10 12 12 13 14 13 13 12 12 15 11 12 13 11 12 13 13 15 13 11 13 10 12 12 12 13 14 14 11 10 15 14 12 13 15 13 13 11 12 12 13 15 12 10 15 10 10 13 15 14 14 14 10 14 13 11 11 11 10 15 10 15 12 12 14 10 10 15 14 12 13 13 12 11 14 15 13 12 10 12 15 14 12 10 13 11 12 12 15 13 13 12 13 11 15 13 11 15 15 14 11 14 13 15 13 13 10 15 14 15 13 12 15 11 15 12 12 11 11 10 14 14 10 10 11 11 13 10 12 15 15 13 12 13 12 10 13 13 12 14 14 10 10 13 11 14 12 11 13 10 11 12 13 12 10 13 10 13 14 12 15 12 10 11 15 10 11 10 11 15 13 15 14 11 10 13 10 11 12 14 10 11 15 15 12 13 10 14 11 11 11 13 15 10 13 10 13 15 14 11 13 15 10 15 10 11 13 12 12 14 15 15 13 10 13 14 10 13 12 14 10 11 15 12 12 11 12 14 12 10 15 11 12 13 12 11 12 12 12 15 12 14 15 14 15 15 13 15 15 11 13 15 11 14 11 11 13 10 14 14 13 11 11 13 14 12 12 12 12 14 11 13 12 15 13 11 12 13 10 10 12 15 14 11 10 15 12 11 12 12 14 13 12 11 13 10 11 13 14 12 12 14 12 13 13 14 11 13 15 11 12 12 13 15 14 11 13 12 10 11 11 13 10 13 10 11 15 11 11 14 15 11 15 12 14 13 15 15 10 14 15 10 10 12 10 14 14 14 11 11 10 11 10 11 13 11 13 13 11 12 12 15 11 10 15 14 10 15 10 14 15 10 12 15 11 12 11 11 11 12 14 12 11 10 13 10 11 10 13 11 14 15 12 11 15 14 13 13 14 10 14 10 13 12 14 13 14 11 12 12 14 12 13 12 14 13 12 13 13 14 13 11 10 15 13 10 15 10 11 11 10 15 14 15 11 11 12 13 12 13 14 11 14
10
6 5 3 2 5 2 1 3 5 6
10
3 5 3 5 5 1 5 5 2 5
10
3 3 2 2 3 6 4 2 4 2
10
4 4 1 6 5 4 6 2 2 6
10
4 5 2 6 2 5 4 5 1 3
10
3 2 2 4 4 4 1 4 4 5
10
2 4 6 4 6 3 2 3 2 2
10
3 3 4 4 6 4 5 6 4 3
10
5 3 5 2 2 3 2 1 2 4
10
4 5 2 2 6 2 4 3 2 2
10
6 6 2 2 3 5 5 4 3 2
10
1 4 5 1 3 2 3 3 3 2
10
5 3 1 1 4 2 4 3 4 4
10
6 1 1 2 1 5 5 2 6 1
10
2 6 2 4 2 1 1 6 4 4
10
3 1 4 5 6 2 2 5 6 1
10
1 1 1 5 2 1 1 3 1 4
10
3 2 5 5 4 2 4 3 6 3
10
5 1 2 1 3 5 3 2 2 5
10
2 1 2 6 2 2 4 3 1 1
10
2 3 6 6 5 2 1 1 5 4
10
2 1 1 2 2 4 5 2 6 2
10
2 5 3 6 1 1 6 6 1 4
10
6 4 1 2 4 2 2 1 6 3
10
4 2 4 5 5 5 2 1 6 5
10
3 4 1 1 3 6 6 5 1 2
10
4 1 6 1 1 6 3 3 4 4
10
3 4 2 1 1 6 1 3 3 4
10
3 3 1 3 4 6 2 1 5 2
10
1 2 4 2 3 4 4 5 5 6
10
2 6 6 1 1 3 4 1 3 5
10
5 2 3 6 1 5 2 4 5 5
10
4 6 1 1 5 4 4 2 1 4
10
2 6 5 5 6 4 2 2 5 5
10
4 1 4 2 6 3 1 1 1 6
10
4 2 1 3 3 6 2 6 5 3
10
1 1 6 5 2 5 2 4 4 2
10
5 6 4 6 6 1 4 2 5 4
10
5 4 1 3 4 1 4 3 5 4
10
4 2 2 1 1 2 1 4 2 2
10
1 3 6 3 5 2 5 6 2 5
10
3 6 6 6 3 3 5 1 4 6
10
1 6 2 1 4 4 3 2 2 6
10
4 3 6 4 4 2 5 5 2 6
10
1 4 4 2 2 6 6 2 6 6
10
5 1 3 2 6 3 6 1 2 6
10
4 3 2 6 2 4 2 6 3 5
10
4 6 4 3 2 6 3 2 1 1
10
3 6 6 6 3 2 6 3 1 5
10
4 1 2 1 4 2 1 5 6 1
10
3 3 1 4 2 6 1 5 2 3
10
2 6 2 4 5 2 2 1 2 6
10
2 2 1 6 3 6 2 6 3 4
10
2 6 4 1 1 3 1 1 6 3
10
6 4 3 3 2 6 1 2 4 4
10
6 3 2 5 2 2 3 2 2 2
10
3 5 4 6 5 2 4 4 1 4
10
5 3 2 5 3 5 2 2 2 6
10
6 3 4 4 3 2 4 2 1 4
10
5 5 2 4 1 4 3 6 3 4
10
5 6 1 6 2 1 6 3 6 2
10
6 1 1 3 2 4 1 4 1 4
10
6 4 2 4 1 1 2 5 2 2
10
3 2 2 5 2 1 3 4 4 3
10
1 2 6 3 3 2 2 3 1 3
10
1 5 4 2 2 4 3 2 5 3
10
4 2 2 1 4 6 2 1 2 6
10
2 6 2 5 4 2 5 4 5 2
10
2 2 1 5 4 6 1 2 2 2
10
4 3 5 4 2 2 2 2 6 3
10
3 1 1 2 1 5 2 2 2 1
10
2 3 2 2 3 6 2 2 5 3
10
2 5 5 5 3 2 5 1 1 3
10
6 6 6 5 1 1 1 3 3 5
10
2 3 4 3 6 3 3 5 6 2
10
1 6 4 2 3 3 4 2 6 3
10
1 1 3 6 6 2 4 6 4 5
10
3 2 2 2 5 5 3 1 2 3
10
3 6 6 6 5 2 1 6 3 1
10
2 4 5 3 1 4 4 5 6 4
10
5 4 2 5 1 5 4 1 3 1
10
6 6 1 5 3 3 1 1 1 1
10
1 5 4 6 4 6 2 1 4 4
10
3 4 3 2 1 1 5 6 5 2
10
5 3 3 5 2 1 5 6 3 3
10
1 6 3 4 5 2 2 6 3 2
10
1 2 6 1 6 5 2 1 3 2
10
2 4 3 4 4 6 6 6 1 3
10
4 6 5 5 3 1 4 1 4 4
10
4 6 6 6 4 3 3 6 4 5
10
5 6 4 6 6 2 5 4 2 4
10
6 4 6 2 4 3 6 6 6 3
10
2 6 3 4 3 2 5 2 3 6
10
1 5 6 6 1 2 3 2 3 5
10
1 1 1 4 6 2 2 2 4 1
10
2 2 3 6 3 5 1 4 3 3
10
6 1 1 1 3 2 5 5 4 6
10
6 2 2 5 3 2 1 4 5 1
10
2 6 1 1 2 4 4 1 5 6
10
6 4 1 6 3 5 6 1 2 6
10
2 6 2 2 3 2 4 6 3 3
10
4 6 1 4 1 2 1 4 2 1
10
1 6 1 2 2 1 3 4 2 4
10
3 6 4 3 2 6 6 6 2 1
10
6 3 5 1 5 5 6 6 1 6
10
6 3 2 1 5 6 2 4 2 3
10
6 1 1 6 4 5 2 1 2 1
10
5 5 3 3 3 5 1 5 6 1
10
2 5 1 1 1 1 2 5 4 1
10
6 6 2 1 4 4 2 3 3 5
10
2 4 6 3 3 5 5 1 1 5
10
4 5 5 5 3 4 4 2 4 4
1
3
1
2
1
1
2
1 2
2
2 2
2
3 3
2
1 1

